0;0;2
0;1;2
0;2;2
0;3;2
0;4;2
0;5;4
0;6;4
0;7;4
0;8;4
0;9;4
0;10;4
0;11;4
0;12;4
0;13;4
0;14;4
0;15;4
0;16;4
0;17;4
0;18;4
0;19;4
0;20;4
0;21;4
0;22;4
0;23;4
0;24;4
0;25;4
0;26;4
0;27;4
0;28;4
0;29;4
0;30;4
0;31;4
0;32;4
0;33;4
0;34;4
0;35;4
0;36;4
0;37;4
0;38;4
0;39;4
0;40;4
0;41;4
0;42;4
0;43;4
0;44;4
0;45;4
0;46;4
0;47;4
0;48;4
0;49;4
0;50;4
0;51;4
0;52;4
0;53;4
0;54;4
0;55;4
0;56;4
0;57;4
0;58;4
0;59;4
0;60;4
0;61;4
0;62;4
0;63;4
0;64;4
0;65;4
0;66;4
0;67;4
0;68;4
0;69;4
0;70;4
0;71;4
0;72;4
0;73;4
0;74;4
0;75;4
0;76;4
0;77;4
0;78;4
0;79;4
0;80;4
0;81;4
0;82;4
0;83;4
0;84;4
0;85;4
0;86;4
0;87;4
0;88;4
0;89;4
0;90;4
0;91;4
0;92;4
0;93;4
0;94;4
0;95;4
0;96;4
0;97;4
0;98;4
0;99;4
0;100;4
1;0;2
1;1;2
1;2;2
1;3;2
1;4;2
1;5;2
1;6;2
1;7;2
1;8;2
1;9;2
1;10;4
1;11;4
1;12;4
1;13;4
1;14;4
1;15;4
1;16;4
1;17;4
1;18;4
1;19;4
1;20;4
1;21;4
1;22;4
1;23;4
1;24;4
1;25;4
1;26;4
1;27;4
1;28;4
1;29;4
1;30;4
1;31;4
1;32;4
1;33;4
1;34;4
1;35;4
1;36;4
1;37;4
1;38;4
1;39;4
1;40;4
1;41;4
1;42;4
1;43;4
1;44;4
1;45;4
1;46;4
1;47;4
1;48;4
1;49;4
1;50;4
1;51;4
1;52;4
1;53;4
1;54;4
1;55;4
1;56;4
1;57;4
1;58;4
1;59;4
1;60;4
1;61;4
1;62;4
1;63;4
1;64;4
1;65;4
1;66;4
1;67;4
1;68;4
1;69;4
1;70;4
1;71;4
1;72;4
1;73;4
1;74;4
1;75;4
1;76;4
1;77;4
1;78;4
1;79;4
1;80;4
1;81;4
1;82;4
1;83;4
1;84;4
1;85;4
1;86;4
1;87;4
1;88;4
1;89;4
1;90;4
1;91;4
1;92;4
1;93;4
1;94;4
1;95;4
1;96;4
1;97;4
1;98;4
1;99;4
1;100;4
2;0;2
2;1;2
2;2;2
2;3;2
2;4;2
2;5;2
2;6;2
2;7;2
2;8;2
2;9;2
2;10;2
2;11;2
2;12;2
2;13;2
2;14;2
2;15;2
2;16;2
2;17;2
2;18;2
2;19;2
2;20;2
2;21;2
2;22;2
2;23;2
2;24;2
2;25;2
2;26;2
2;27;2
2;28;2
2;29;4
2;30;4
2;31;4
2;32;4
2;33;4
2;34;4
2;35;4
2;36;4
2;37;4
2;38;4
2;39;4
2;40;4
2;41;4
2;42;4
2;43;4
2;44;4
2;45;4
2;46;4
2;47;4
2;48;4
2;49;4
2;50;4
2;51;4
2;52;4
2;53;4
2;54;4
2;55;4
2;56;4
2;57;4
2;58;4
2;59;4
2;60;4
2;61;4
2;62;4
2;63;4
2;64;4
2;65;4
2;66;4
2;67;4
2;68;4
2;69;4
2;70;4
2;71;4
2;72;4
2;73;4
2;74;4
2;75;4
2;76;4
2;77;4
2;78;4
2;79;4
2;80;4
2;81;4
2;82;4
2;83;4
2;84;4
2;85;4
2;86;4
2;87;4
2;88;4
2;89;4
2;90;4
2;91;4
2;92;4
2;93;4
2;94;4
2;95;4
2;96;4
2;97;4
2;98;4
2;99;4
2;100;4
3;0;2
3;1;2
3;2;2
3;3;2
3;4;2
3;5;2
3;6;2
3;7;2
3;8;2
3;9;2
3;10;2
3;11;2
3;12;2
3;13;2
3;14;2
3;15;2
3;16;2
3;17;2
3;18;2
3;19;2
3;20;2
3;21;2
3;22;2
3;23;2
3;24;2
3;25;2
3;26;2
3;27;2
3;28;2
3;29;2
3;30;2
3;31;2
3;32;2
3;33;2
3;34;2
3;35;2
3;36;2
3;37;2
3;38;2
3;39;2
3;40;2
3;41;2
3;42;2
3;43;2
3;44;2
3;45;2
3;46;2
3;47;2
3;48;2
3;49;2
3;50;2
3;51;2
3;52;2
3;53;2
3;54;2
3;55;2
3;56;2
3;57;2
3;58;2
3;59;2
3;60;2
3;61;2
3;62;2
3;63;2
3;64;2
3;65;2
3;66;2
3;67;2
3;68;2
3;69;2
3;70;2
3;71;2
3;72;2
3;73;2
3;74;2
3;75;2
3;76;2
3;77;2
3;78;2
3;79;2
3;80;2
3;81;2
3;82;2
3;83;2
3;84;2
3;85;2
3;86;2
3;87;2
3;88;2
3;89;2
3;90;2
3;91;2
3;92;2
3;93;2
3;94;2
3;95;2
3;96;4
3;97;4
3;98;4
3;99;4
3;100;4
4;0;2
4;1;2
4;2;2
4;3;2
4;4;2
4;5;2
4;6;2
4;7;2
4;8;2
4;9;2
4;10;2
4;11;2
4;12;2
4;13;2
4;14;2
4;15;2
4;16;2
4;17;2
4;18;2
4;19;2
4;20;2
4;21;2
4;22;2
4;23;2
4;24;2
4;25;2
4;26;2
4;27;2
4;28;2
4;29;2
4;30;2
4;31;2
4;32;2
4;33;2
4;34;2
4;35;2
4;36;2
4;37;2
4;38;2
4;39;2
4;40;2
4;41;2
4;42;2
4;43;2
4;44;2
4;45;2
4;46;2
4;47;2
4;48;2
4;49;2
4;50;2
4;51;2
4;52;2
4;53;2
4;54;2
4;55;2
4;56;2
4;57;2
4;58;2
4;59;2
4;60;2
4;61;2
4;62;2
4;63;2
4;64;2
4;65;2
4;66;2
4;67;2
4;68;2
4;69;2
4;70;2
4;71;2
4;72;2
4;73;2
4;74;2
4;75;2
4;76;2
4;77;2
4;78;2
4;79;2
4;80;2
4;81;2
4;82;2
4;83;2
4;84;2
4;85;2
4;86;2
4;87;2
4;88;2
4;89;2
4;90;2
4;91;2
4;92;2
4;93;2
4;94;2
4;95;2
4;96;4
4;97;4
4;98;4
4;99;4
4;100;4
5;0;2
5;1;2
5;2;2
5;3;2
5;4;2
5;5;2
5;6;2
5;7;2
5;8;2
5;9;2
5;10;2
5;11;2
5;12;2
5;13;2
5;14;2
5;15;2
5;16;2
5;17;2
5;18;2
5;19;2
5;20;2
5;21;2
5;22;2
5;23;2
5;24;2
5;25;2
5;26;2
5;27;2
5;28;2
5;29;2
5;30;2
5;31;2
5;32;2
5;33;2
5;34;2
5;35;2
5;36;2
5;37;2
5;38;2
5;39;2
5;40;2
5;41;2
5;42;2
5;43;2
5;44;2
5;45;2
5;46;2
5;47;2
5;48;2
5;49;2
5;50;2
5;51;2
5;52;2
5;53;2
5;54;2
5;55;2
5;56;2
5;57;2
5;58;2
5;59;2
5;60;2
5;61;2
5;62;2
5;63;2
5;64;2
5;65;2
5;66;2
5;67;2
5;68;2
5;69;2
5;70;2
5;71;2
5;72;2
5;73;2
5;74;2
5;75;2
5;76;2
5;77;2
5;78;2
5;79;2
5;80;2
5;81;2
5;82;2
5;83;2
5;84;2
5;85;2
5;86;2
5;87;2
5;88;2
5;89;2
5;90;2
5;91;2
5;92;2
5;93;2
5;94;2
5;95;2
5;96;4
5;97;4
5;98;4
5;99;4
5;100;4
6;0;2
6;1;2
6;2;2
6;3;2
6;4;2
6;5;2
6;6;2
6;7;2
6;8;2
6;9;2
6;10;2
6;11;2
6;12;2
6;13;2
6;14;2
6;15;2
6;16;2
6;17;2
6;18;2
6;19;2
6;20;2
6;21;2
6;22;2
6;23;2
6;24;2
6;25;2
6;26;2
6;27;2
6;28;2
6;29;2
6;30;2
6;31;2
6;32;2
6;33;2
6;34;2
6;35;2
6;36;2
6;37;2
6;38;2
6;39;2
6;40;2
6;41;2
6;42;2
6;43;2
6;44;2
6;45;2
6;46;2
6;47;2
6;48;2
6;49;2
6;50;2
6;51;2
6;52;2
6;53;2
6;54;2
6;55;2
6;56;2
6;57;2
6;58;2
6;59;2
6;60;2
6;61;2
6;62;2
6;63;2
6;64;2
6;65;2
6;66;2
6;67;2
6;68;2
6;69;2
6;70;2
6;71;2
6;72;2
6;73;2
6;74;2
6;75;2
6;76;2
6;77;2
6;78;2
6;79;2
6;80;2
6;81;2
6;82;2
6;83;2
6;84;2
6;85;2
6;86;2
6;87;2
6;88;2
6;89;2
6;90;2
6;91;2
6;92;2
6;93;2
6;94;2
6;95;2
6;96;4
6;97;4
6;98;4
6;99;4
6;100;4
7;0;2
7;1;2
7;2;2
7;3;2
7;4;2
7;5;2
7;6;2
7;7;2
7;8;2
7;9;2
7;10;2
7;11;2
7;12;2
7;13;2
7;14;2
7;15;2
7;16;2
7;17;2
7;18;2
7;19;2
7;20;2
7;21;2
7;22;2
7;23;2
7;24;2
7;25;2
7;26;2
7;27;2
7;28;2
7;29;2
7;30;2
7;31;2
7;32;2
7;33;2
7;34;2
7;35;2
7;36;2
7;37;2
7;38;2
7;39;2
7;40;2
7;41;2
7;42;2
7;43;2
7;44;2
7;45;2
7;46;2
7;47;2
7;48;2
7;49;2
7;50;2
7;51;2
7;52;2
7;53;2
7;54;2
7;55;2
7;56;2
7;57;2
7;58;2
7;59;2
7;60;2
7;61;2
7;62;2
7;63;2
7;64;2
7;65;2
7;66;2
7;67;2
7;68;2
7;69;2
7;70;2
7;71;2
7;72;2
7;73;2
7;74;2
7;75;2
7;76;2
7;77;2
7;78;2
7;79;2
7;80;2
7;81;2
7;82;2
7;83;2
7;84;2
7;85;2
7;86;2
7;87;2
7;88;2
7;89;2
7;90;2
7;91;2
7;92;2
7;93;2
7;94;2
7;95;2
7;96;4
7;97;4
7;98;4
7;99;4
7;100;4
8;0;2
8;1;2
8;2;2
8;3;2
8;4;2
8;5;2
8;6;2
8;7;2
8;8;2
8;9;2
8;10;2
8;11;2
8;12;2
8;13;2
8;14;2
8;15;2
8;16;2
8;17;2
8;18;2
8;19;2
8;20;2
8;21;2
8;22;2
8;23;2
8;24;2
8;25;2
8;26;2
8;27;2
8;28;2
8;29;2
8;30;2
8;31;2
8;32;2
8;33;2
8;34;2
8;35;2
8;36;2
8;37;2
8;38;2
8;39;2
8;40;2
8;41;2
8;42;2
8;43;2
8;44;2
8;45;2
8;46;2
8;47;2
8;48;2
8;49;2
8;50;2
8;51;2
8;52;2
8;53;2
8;54;2
8;55;2
8;56;2
8;57;2
8;58;2
8;59;2
8;60;2
8;61;2
8;62;2
8;63;2
8;64;2
8;65;2
8;66;2
8;67;2
8;68;2
8;69;2
8;70;2
8;71;2
8;72;2
8;73;2
8;74;2
8;75;2
8;76;2
8;77;2
8;78;2
8;79;2
8;80;2
8;81;2
8;82;2
8;83;2
8;84;2
8;85;2
8;86;2
8;87;2
8;88;2
8;89;2
8;90;2
8;91;2
8;92;2
8;93;2
8;94;2
8;95;2
8;96;4
8;97;4
8;98;4
8;99;4
8;100;4
9;0;2
9;1;2
9;2;2
9;3;2
9;4;2
9;5;2
9;6;2
9;7;2
9;8;2
9;9;2
9;10;2
9;11;2
9;12;2
9;13;2
9;14;2
9;15;2
9;16;2
9;17;2
9;18;2
9;19;2
9;20;2
9;21;2
9;22;2
9;23;2
9;24;2
9;25;2
9;26;2
9;27;2
9;28;2
9;29;2
9;30;2
9;31;2
9;32;2
9;33;2
9;34;2
9;35;2
9;36;2
9;37;2
9;38;2
9;39;2
9;40;2
9;41;2
9;42;2
9;43;2
9;44;2
9;45;2
9;46;2
9;47;2
9;48;2
9;49;2
9;50;2
9;51;2
9;52;2
9;53;2
9;54;2
9;55;2
9;56;2
9;57;2
9;58;2
9;59;2
9;60;2
9;61;2
9;62;2
9;63;2
9;64;2
9;65;2
9;66;2
9;67;2
9;68;2
9;69;2
9;70;2
9;71;2
9;72;2
9;73;2
9;74;2
9;75;2
9;76;2
9;77;2
9;78;2
9;79;2
9;80;2
9;81;2
9;82;2
9;83;2
9;84;2
9;85;2
9;86;2
9;87;2
9;88;2
9;89;2
9;90;2
9;91;2
9;92;2
9;93;2
9;94;2
9;95;2
9;96;4
9;97;4
9;98;4
9;99;4
9;100;4
10;0;2
10;1;2
10;2;2
10;3;2
10;4;2
10;5;2
10;6;2
10;7;2
10;8;2
10;9;2
10;10;2
10;11;2
10;12;2
10;13;2
10;14;2
10;15;2
10;16;2
10;17;2
10;18;2
10;19;2
10;20;2
10;21;2
10;22;2
10;23;2
10;24;2
10;25;2
10;26;2
10;27;2
10;28;2
10;29;2
10;30;2
10;31;2
10;32;2
10;33;2
10;34;2
10;35;2
10;36;2
10;37;2
10;38;2
10;39;2
10;40;2
10;41;2
10;42;2
10;43;2
10;44;2
10;45;2
10;46;2
10;47;2
10;48;2
10;49;2
10;50;2
10;51;2
10;52;2
10;53;2
10;54;2
10;55;2
10;56;2
10;57;2
10;58;2
10;59;2
10;60;2
10;61;2
10;62;2
10;63;2
10;64;2
10;65;2
10;66;2
10;67;2
10;68;2
10;69;2
10;70;2
10;71;2
10;72;2
10;73;2
10;74;2
10;75;2
10;76;2
10;77;2
10;78;2
10;79;2
10;80;2
10;81;2
10;82;2
10;83;2
10;84;2
10;85;2
10;86;2
10;87;2
10;88;2
10;89;2
10;90;2
10;91;2
10;92;2
10;93;2
10;94;2
10;95;2
10;96;4
10;97;4
10;98;4
10;99;4
10;100;4
11;0;2
11;1;2
11;2;2
11;3;2
11;4;2
11;5;2
11;6;2
11;7;2
11;8;2
11;9;2
11;10;2
11;11;2
11;12;2
11;13;2
11;14;2
11;15;2
11;16;2
11;17;2
11;18;2
11;19;2
11;20;2
11;21;2
11;22;2
11;23;2
11;24;2
11;25;2
11;26;2
11;27;2
11;28;2
11;29;2
11;30;2
11;31;2
11;32;2
11;33;2
11;34;2
11;35;2
11;36;2
11;37;2
11;38;2
11;39;2
11;40;2
11;41;2
11;42;2
11;43;2
11;44;2
11;45;2
11;46;2
11;47;2
11;48;2
11;49;2
11;50;2
11;51;2
11;52;2
11;53;2
11;54;2
11;55;2
11;56;2
11;57;2
11;58;2
11;59;2
11;60;2
11;61;2
11;62;2
11;63;2
11;64;2
11;65;2
11;66;2
11;67;2
11;68;2
11;69;2
11;70;2
11;71;2
11;72;2
11;73;2
11;74;2
11;75;2
11;76;2
11;77;2
11;78;2
11;79;2
11;80;2
11;81;2
11;82;2
11;83;2
11;84;2
11;85;2
11;86;2
11;87;2
11;88;2
11;89;2
11;90;2
11;91;2
11;92;2
11;93;2
11;94;2
11;95;2
11;96;4
11;97;4
11;98;4
11;99;4
11;100;4
12;0;2
12;1;2
12;2;2
12;3;2
12;4;2
12;5;2
12;6;2
12;7;2
12;8;2
12;9;2
12;10;2
12;11;2
12;12;2
12;13;2
12;14;2
12;15;2
12;16;2
12;17;2
12;18;2
12;19;2
12;20;2
12;21;2
12;22;2
12;23;2
12;24;2
12;25;2
12;26;2
12;27;2
12;28;2
12;29;2
12;30;2
12;31;2
12;32;2
12;33;2
12;34;2
12;35;2
12;36;2
12;37;2
12;38;2
12;39;2
12;40;2
12;41;2
12;42;2
12;43;2
12;44;2
12;45;2
12;46;2
12;47;2
12;48;2
12;49;2
12;50;2
12;51;2
12;52;2
12;53;2
12;54;2
12;55;2
12;56;2
12;57;2
12;58;2
12;59;2
12;60;2
12;61;2
12;62;2
12;63;2
12;64;2
12;65;2
12;66;2
12;67;2
12;68;2
12;69;2
12;70;2
12;71;2
12;72;2
12;73;2
12;74;2
12;75;2
12;76;2
12;77;2
12;78;2
12;79;2
12;80;2
12;81;2
12;82;2
12;83;2
12;84;2
12;85;2
12;86;2
12;87;2
12;88;2
12;89;2
12;90;2
12;91;2
12;92;2
12;93;2
12;94;2
12;95;2
12;96;4
12;97;4
12;98;4
12;99;4
12;100;4
13;0;2
13;1;2
13;2;2
13;3;2
13;4;2
13;5;2
13;6;2
13;7;2
13;8;2
13;9;2
13;10;2
13;11;2
13;12;2
13;13;2
13;14;2
13;15;2
13;16;2
13;17;2
13;18;2
13;19;2
13;20;2
13;21;2
13;22;2
13;23;2
13;24;2
13;25;2
13;26;2
13;27;2
13;28;2
13;29;2
13;30;2
13;31;2
13;32;2
13;33;2
13;34;2
13;35;2
13;36;2
13;37;2
13;38;2
13;39;2
13;40;2
13;41;2
13;42;2
13;43;2
13;44;2
13;45;2
13;46;2
13;47;2
13;48;2
13;49;2
13;50;2
13;51;2
13;52;2
13;53;2
13;54;2
13;55;2
13;56;2
13;57;2
13;58;2
13;59;2
13;60;2
13;61;2
13;62;2
13;63;2
13;64;2
13;65;2
13;66;2
13;67;2
13;68;2
13;69;2
13;70;2
13;71;2
13;72;2
13;73;2
13;74;2
13;75;2
13;76;2
13;77;2
13;78;2
13;79;2
13;80;2
13;81;2
13;82;2
13;83;2
13;84;2
13;85;2
13;86;2
13;87;2
13;88;2
13;89;2
13;90;2
13;91;2
13;92;2
13;93;2
13;94;2
13;95;2
13;96;4
13;97;4
13;98;4
13;99;4
13;100;4
14;0;2
14;1;2
14;2;2
14;3;2
14;4;2
14;5;2
14;6;2
14;7;2
14;8;2
14;9;2
14;10;2
14;11;2
14;12;2
14;13;2
14;14;2
14;15;2
14;16;2
14;17;2
14;18;2
14;19;2
14;20;2
14;21;2
14;22;2
14;23;2
14;24;2
14;25;2
14;26;2
14;27;2
14;28;2
14;29;2
14;30;2
14;31;2
14;32;2
14;33;2
14;34;2
14;35;2
14;36;2
14;37;2
14;38;2
14;39;2
14;40;2
14;41;2
14;42;2
14;43;2
14;44;2
14;45;2
14;46;2
14;47;2
14;48;2
14;49;2
14;50;2
14;51;2
14;52;2
14;53;2
14;54;2
14;55;2
14;56;2
14;57;2
14;58;2
14;59;2
14;60;2
14;61;2
14;62;2
14;63;2
14;64;2
14;65;2
14;66;2
14;67;2
14;68;2
14;69;2
14;70;2
14;71;2
14;72;2
14;73;2
14;74;2
14;75;2
14;76;2
14;77;2
14;78;2
14;79;2
14;80;2
14;81;2
14;82;2
14;83;2
14;84;2
14;85;2
14;86;2
14;87;2
14;88;2
14;89;2
14;90;2
14;91;2
14;92;2
14;93;2
14;94;2
14;95;2
14;96;4
14;97;4
14;98;4
14;99;4
14;100;4
15;0;2
15;1;2
15;2;2
15;3;2
15;4;2
15;5;2
15;6;2
15;7;2
15;8;2
15;9;2
15;10;2
15;11;2
15;12;2
15;13;2
15;14;2
15;15;2
15;16;2
15;17;2
15;18;2
15;19;2
15;20;2
15;21;2
15;22;2
15;23;2
15;24;2
15;25;2
15;26;2
15;27;2
15;28;2
15;29;2
15;30;2
15;31;2
15;32;2
15;33;2
15;34;2
15;35;2
15;36;2
15;37;2
15;38;2
15;39;2
15;40;2
15;41;2
15;42;2
15;43;2
15;44;2
15;45;2
15;46;2
15;47;2
15;48;2
15;49;2
15;50;2
15;51;2
15;52;2
15;53;2
15;54;2
15;55;2
15;56;2
15;57;2
15;58;2
15;59;2
15;60;2
15;61;2
15;62;2
15;63;2
15;64;2
15;65;2
15;66;2
15;67;2
15;68;2
15;69;2
15;70;2
15;71;2
15;72;2
15;73;2
15;74;2
15;75;2
15;76;2
15;77;2
15;78;2
15;79;2
15;80;2
15;81;2
15;82;2
15;83;2
15;84;2
15;85;2
15;86;2
15;87;2
15;88;2
15;89;2
15;90;2
15;91;2
15;92;2
15;93;2
15;94;2
15;95;2
15;96;4
15;97;4
15;98;4
15;99;4
15;100;4
16;0;2
16;1;2
16;2;2
16;3;2
16;4;2
16;5;2
16;6;2
16;7;2
16;8;2
16;9;2
16;10;2
16;11;2
16;12;2
16;13;2
16;14;2
16;15;2
16;16;2
16;17;2
16;18;2
16;19;2
16;20;2
16;21;2
16;22;2
16;23;2
16;24;2
16;25;2
16;26;2
16;27;2
16;28;2
16;29;2
16;30;2
16;31;2
16;32;2
16;33;2
16;34;2
16;35;2
16;36;2
16;37;2
16;38;2
16;39;2
16;40;2
16;41;2
16;42;2
16;43;2
16;44;2
16;45;2
16;46;2
16;47;2
16;48;2
16;49;2
16;50;2
16;51;2
16;52;2
16;53;2
16;54;2
16;55;2
16;56;2
16;57;2
16;58;2
16;59;2
16;60;2
16;61;2
16;62;2
16;63;2
16;64;2
16;65;2
16;66;2
16;67;2
16;68;2
16;69;2
16;70;2
16;71;2
16;72;2
16;73;2
16;74;2
16;75;2
16;76;2
16;77;2
16;78;2
16;79;2
16;80;2
16;81;2
16;82;2
16;83;2
16;84;2
16;85;2
16;86;2
16;87;2
16;88;2
16;89;2
16;90;2
16;91;2
16;92;2
16;93;2
16;94;2
16;95;2
16;96;4
16;97;4
16;98;4
16;99;4
16;100;4
17;0;2
17;1;2
17;2;2
17;3;2
17;4;2
17;5;2
17;6;2
17;7;2
17;8;2
17;9;2
17;10;2
17;11;2
17;12;2
17;13;2
17;14;2
17;15;2
17;16;2
17;17;2
17;18;2
17;19;2
17;20;2
17;21;2
17;22;2
17;23;2
17;24;2
17;25;2
17;26;2
17;27;2
17;28;2
17;29;2
17;30;2
17;31;2
17;32;2
17;33;2
17;34;2
17;35;2
17;36;2
17;37;2
17;38;2
17;39;2
17;40;2
17;41;2
17;42;2
17;43;2
17;44;2
17;45;2
17;46;2
17;47;2
17;48;2
17;49;2
17;50;2
17;51;2
17;52;2
17;53;2
17;54;2
17;55;2
17;56;2
17;57;2
17;58;2
17;59;2
17;60;2
17;61;2
17;62;2
17;63;2
17;64;2
17;65;2
17;66;2
17;67;2
17;68;2
17;69;2
17;70;2
17;71;2
17;72;2
17;73;2
17;74;2
17;75;2
17;76;2
17;77;2
17;78;2
17;79;2
17;80;2
17;81;2
17;82;2
17;83;2
17;84;2
17;85;2
17;86;2
17;87;2
17;88;2
17;89;2
17;90;2
17;91;2
17;92;2
17;93;2
17;94;2
17;95;2
17;96;4
17;97;4
17;98;4
17;99;4
17;100;4
18;0;2
18;1;2
18;2;2
18;3;2
18;4;2
18;5;2
18;6;2
18;7;2
18;8;2
18;9;2
18;10;2
18;11;2
18;12;2
18;13;2
18;14;2
18;15;2
18;16;2
18;17;2
18;18;2
18;19;2
18;20;2
18;21;2
18;22;2
18;23;2
18;24;2
18;25;2
18;26;2
18;27;2
18;28;2
18;29;2
18;30;2
18;31;2
18;32;2
18;33;2
18;34;2
18;35;2
18;36;2
18;37;2
18;38;2
18;39;2
18;40;2
18;41;2
18;42;2
18;43;2
18;44;2
18;45;2
18;46;2
18;47;2
18;48;2
18;49;2
18;50;2
18;51;2
18;52;2
18;53;2
18;54;2
18;55;2
18;56;2
18;57;2
18;58;2
18;59;2
18;60;2
18;61;2
18;62;2
18;63;2
18;64;2
18;65;2
18;66;2
18;67;2
18;68;2
18;69;2
18;70;2
18;71;2
18;72;2
18;73;2
18;74;2
18;75;2
18;76;2
18;77;2
18;78;2
18;79;2
18;80;2
18;81;2
18;82;2
18;83;2
18;84;2
18;85;2
18;86;2
18;87;2
18;88;2
18;89;2
18;90;2
18;91;2
18;92;2
18;93;2
18;94;2
18;95;2
18;96;4
18;97;4
18;98;4
18;99;4
18;100;4
19;0;2
19;1;2
19;2;2
19;3;2
19;4;2
19;5;2
19;6;2
19;7;2
19;8;2
19;9;2
19;10;2
19;11;2
19;12;2
19;13;2
19;14;2
19;15;2
19;16;2
19;17;2
19;18;2
19;19;2
19;20;2
19;21;2
19;22;2
19;23;2
19;24;2
19;25;2
19;26;2
19;27;2
19;28;2
19;29;2
19;30;2
19;31;2
19;32;2
19;33;2
19;34;2
19;35;2
19;36;2
19;37;2
19;38;2
19;39;2
19;40;2
19;41;2
19;42;2
19;43;2
19;44;2
19;45;2
19;46;2
19;47;2
19;48;2
19;49;2
19;50;2
19;51;2
19;52;2
19;53;2
19;54;2
19;55;2
19;56;2
19;57;2
19;58;2
19;59;2
19;60;2
19;61;2
19;62;2
19;63;2
19;64;2
19;65;2
19;66;2
19;67;2
19;68;2
19;69;2
19;70;2
19;71;2
19;72;2
19;73;2
19;74;2
19;75;2
19;76;2
19;77;2
19;78;2
19;79;2
19;80;2
19;81;2
19;82;2
19;83;2
19;84;2
19;85;2
19;86;2
19;87;2
19;88;2
19;89;2
19;90;2
19;91;2
19;92;2
19;93;2
19;94;2
19;95;2
19;96;4
19;97;4
19;98;4
19;99;4
19;100;4
20;0;2
20;1;2
20;2;2
20;3;2
20;4;2
20;5;2
20;6;2
20;7;2
20;8;2
20;9;2
20;10;2
20;11;2
20;12;2
20;13;2
20;14;2
20;15;2
20;16;2
20;17;2
20;18;2
20;19;2
20;20;2
20;21;2
20;22;2
20;23;2
20;24;2
20;25;2
20;26;2
20;27;2
20;28;2
20;29;2
20;30;2
20;31;2
20;32;2
20;33;2
20;34;2
20;35;2
20;36;2
20;37;2
20;38;2
20;39;2
20;40;2
20;41;2
20;42;2
20;43;2
20;44;2
20;45;2
20;46;2
20;47;2
20;48;2
20;49;2
20;50;2
20;51;2
20;52;2
20;53;2
20;54;2
20;55;2
20;56;2
20;57;2
20;58;2
20;59;2
20;60;2
20;61;2
20;62;2
20;63;2
20;64;2
20;65;2
20;66;2
20;67;2
20;68;2
20;69;2
20;70;2
20;71;2
20;72;2
20;73;2
20;74;2
20;75;2
20;76;2
20;77;2
20;78;2
20;79;2
20;80;2
20;81;2
20;82;2
20;83;2
20;84;2
20;85;2
20;86;2
20;87;2
20;88;2
20;89;2
20;90;2
20;91;2
20;92;2
20;93;2
20;94;2
20;95;2
20;96;4
20;97;4
20;98;4
20;99;4
20;100;4
21;0;1
21;1;1
21;2;1
21;3;1
21;4;1
21;5;2
21;6;2
21;7;2
21;8;2
21;9;2
21;10;2
21;11;2
21;12;2
21;13;2
21;14;2
21;15;2
21;16;2
21;17;2
21;18;2
21;19;2
21;20;2
21;21;2
21;22;2
21;23;2
21;24;2
21;25;2
21;26;2
21;27;2
21;28;2
21;29;2
21;30;2
21;31;2
21;32;2
21;33;2
21;34;2
21;35;2
21;36;2
21;37;2
21;38;2
21;39;2
21;40;2
21;41;2
21;42;2
21;43;2
21;44;2
21;45;2
21;46;2
21;47;2
21;48;2
21;49;2
21;50;2
21;51;2
21;52;2
21;53;2
21;54;2
21;55;2
21;56;2
21;57;2
21;58;2
21;59;2
21;60;2
21;61;2
21;62;2
21;63;2
21;64;2
21;65;2
21;66;2
21;67;2
21;68;2
21;69;2
21;70;2
21;71;2
21;72;2
21;73;2
21;74;2
21;75;2
21;76;2
21;77;2
21;78;2
21;79;2
21;80;2
21;81;2
21;82;2
21;83;2
21;84;2
21;85;2
21;86;2
21;87;2
21;88;2
21;89;2
21;90;2
21;91;2
21;92;2
21;93;2
21;94;2
21;95;2
21;96;4
21;97;4
21;98;4
21;99;4
21;100;4
22;0;1
22;1;1
22;2;1
22;3;1
22;4;1
22;5;1
22;6;1
22;7;1
22;8;1
22;9;1
22;10;1
22;11;1
22;12;1
22;13;1
22;14;1
22;15;1
22;16;1
22;17;1
22;18;1
22;19;1
22;20;1
22;21;1
22;22;1
22;23;1
22;24;2
22;25;2
22;26;2
22;27;2
22;28;2
22;29;2
22;30;2
22;31;2
22;32;2
22;33;2
22;34;2
22;35;2
22;36;2
22;37;2
22;38;2
22;39;2
22;40;2
22;41;2
22;42;2
22;43;2
22;44;2
22;45;2
22;46;2
22;47;2
22;48;2
22;49;2
22;50;2
22;51;2
22;52;2
22;53;2
22;54;2
22;55;2
22;56;2
22;57;2
22;58;2
22;59;2
22;60;2
22;61;2
22;62;2
22;63;2
22;64;2
22;65;2
22;66;2
22;67;2
22;68;2
22;69;2
22;70;2
22;71;2
22;72;2
22;73;2
22;74;2
22;75;2
22;76;2
22;77;2
22;78;2
22;79;2
22;80;2
22;81;2
22;82;2
22;83;2
22;84;2
22;85;2
22;86;2
22;87;2
22;88;2
22;89;2
22;90;2
22;91;2
22;92;2
22;93;2
22;94;2
22;95;2
22;96;4
22;97;4
22;98;4
22;99;4
22;100;4
23;0;1
23;1;1
23;2;1
23;3;1
23;4;1
23;5;1
23;6;1
23;7;1
23;8;1
23;9;1
23;10;1
23;11;1
23;12;1
23;13;1
23;14;1
23;15;1
23;16;1
23;17;1
23;18;1
23;19;1
23;20;1
23;21;1
23;22;1
23;23;1
23;24;1
23;25;1
23;26;1
23;27;1
23;28;1
23;29;1
23;30;1
23;31;1
23;32;1
23;33;1
23;34;1
23;35;1
23;36;1
23;37;1
23;38;1
23;39;1
23;40;1
23;41;1
23;42;1
23;43;1
23;44;1
23;45;1
23;46;1
23;47;1
23;48;1
23;49;1
23;50;1
23;51;1
23;52;1
23;53;1
23;54;1
23;55;1
23;56;1
23;57;1
23;58;1
23;59;1
23;60;1
23;61;1
23;62;1
23;63;1
23;64;1
23;65;1
23;66;1
23;67;1
23;68;1
23;69;1
23;70;1
23;71;1
23;72;1
23;73;1
23;74;1
23;75;1
23;76;1
23;77;1
23;78;1
23;79;1
23;80;1
23;81;1
23;82;1
23;83;1
23;84;1
23;85;1
23;86;1
23;87;1
23;88;1
23;89;1
23;90;1
23;91;2
23;92;2
23;93;2
23;94;2
23;95;2
23;96;4
23;97;4
23;98;4
23;99;4
23;100;4
24;0;1
24;1;1
24;2;1
24;3;1
24;4;1
24;5;1
24;6;1
24;7;1
24;8;1
24;9;1
24;10;1
24;11;1
24;12;1
24;13;1
24;14;1
24;15;1
24;16;1
24;17;1
24;18;1
24;19;1
24;20;1
24;21;1
24;22;1
24;23;1
24;24;1
24;25;1
24;26;1
24;27;1
24;28;1
24;29;1
24;30;1
24;31;1
24;32;1
24;33;1
24;34;1
24;35;1
24;36;1
24;37;1
24;38;1
24;39;1
24;40;1
24;41;1
24;42;1
24;43;1
24;44;1
24;45;1
24;46;1
24;47;1
24;48;1
24;49;1
24;50;1
24;51;1
24;52;1
24;53;1
24;54;1
24;55;1
24;56;1
24;57;1
24;58;1
24;59;1
24;60;1
24;61;1
24;62;1
24;63;1
24;64;1
24;65;1
24;66;1
24;67;1
24;68;1
24;69;1
24;70;1
24;71;1
24;72;1
24;73;1
24;74;1
24;75;1
24;76;1
24;77;1
24;78;1
24;79;1
24;80;1
24;81;1
24;82;1
24;83;1
24;84;1
24;85;1
24;86;1
24;87;1
24;88;1
24;89;1
24;90;1
24;91;2
24;92;2
24;93;2
24;94;2
24;95;2
24;96;4
24;97;4
24;98;4
24;99;4
24;100;4
25;0;1
25;1;1
25;2;1
25;3;1
25;4;1
25;5;1
25;6;1
25;7;1
25;8;1
25;9;1
25;10;1
25;11;1
25;12;1
25;13;1
25;14;1
25;15;1
25;16;1
25;17;1
25;18;1
25;19;1
25;20;1
25;21;1
25;22;1
25;23;1
25;24;1
25;25;1
25;26;1
25;27;1
25;28;1
25;29;1
25;30;1
25;31;1
25;32;1
25;33;1
25;34;1
25;35;1
25;36;1
25;37;1
25;38;1
25;39;1
25;40;1
25;41;1
25;42;1
25;43;1
25;44;1
25;45;1
25;46;1
25;47;1
25;48;1
25;49;1
25;50;1
25;51;1
25;52;1
25;53;1
25;54;1
25;55;1
25;56;1
25;57;1
25;58;1
25;59;1
25;60;1
25;61;1
25;62;1
25;63;1
25;64;1
25;65;1
25;66;1
25;67;1
25;68;1
25;69;1
25;70;1
25;71;1
25;72;1
25;73;1
25;74;1
25;75;1
25;76;1
25;77;1
25;78;1
25;79;1
25;80;1
25;81;1
25;82;1
25;83;1
25;84;1
25;85;1
25;86;1
25;87;1
25;88;1
25;89;1
25;90;1
25;91;2
25;92;2
25;93;2
25;94;2
25;95;2
25;96;4
25;97;4
25;98;4
25;99;4
25;100;4
26;0;1
26;1;1
26;2;1
26;3;1
26;4;1
26;5;1
26;6;1
26;7;1
26;8;1
26;9;1
26;10;1
26;11;1
26;12;1
26;13;1
26;14;1
26;15;1
26;16;1
26;17;1
26;18;1
26;19;1
26;20;1
26;21;1
26;22;1
26;23;1
26;24;1
26;25;1
26;26;1
26;27;1
26;28;1
26;29;1
26;30;1
26;31;1
26;32;1
26;33;1
26;34;1
26;35;1
26;36;1
26;37;1
26;38;1
26;39;1
26;40;1
26;41;1
26;42;1
26;43;1
26;44;1
26;45;1
26;46;1
26;47;1
26;48;1
26;49;1
26;50;1
26;51;1
26;52;1
26;53;1
26;54;1
26;55;1
26;56;1
26;57;1
26;58;1
26;59;1
26;60;1
26;61;1
26;62;1
26;63;1
26;64;1
26;65;1
26;66;1
26;67;1
26;68;1
26;69;1
26;70;1
26;71;1
26;72;1
26;73;1
26;74;1
26;75;1
26;76;1
26;77;1
26;78;1
26;79;1
26;80;1
26;81;1
26;82;1
26;83;1
26;84;1
26;85;1
26;86;1
26;87;1
26;88;1
26;89;1
26;90;1
26;91;2
26;92;2
26;93;2
26;94;2
26;95;2
26;96;4
26;97;4
26;98;4
26;99;4
26;100;4
27;0;1
27;1;1
27;2;1
27;3;1
27;4;1
27;5;1
27;6;1
27;7;1
27;8;1
27;9;1
27;10;1
27;11;1
27;12;1
27;13;1
27;14;1
27;15;1
27;16;1
27;17;1
27;18;1
27;19;1
27;20;1
27;21;1
27;22;1
27;23;1
27;24;1
27;25;1
27;26;1
27;27;1
27;28;1
27;29;1
27;30;1
27;31;1
27;32;1
27;33;1
27;34;1
27;35;1
27;36;1
27;37;1
27;38;1
27;39;1
27;40;1
27;41;1
27;42;1
27;43;1
27;44;1
27;45;1
27;46;1
27;47;1
27;48;1
27;49;1
27;50;1
27;51;1
27;52;1
27;53;1
27;54;1
27;55;1
27;56;1
27;57;1
27;58;1
27;59;1
27;60;1
27;61;1
27;62;1
27;63;1
27;64;1
27;65;1
27;66;1
27;67;1
27;68;1
27;69;1
27;70;1
27;71;1
27;72;1
27;73;1
27;74;1
27;75;1
27;76;1
27;77;1
27;78;1
27;79;1
27;80;1
27;81;1
27;82;1
27;83;1
27;84;1
27;85;1
27;86;1
27;87;1
27;88;1
27;89;1
27;90;1
27;91;2
27;92;2
27;93;2
27;94;2
27;95;2
27;96;4
27;97;4
27;98;4
27;99;4
27;100;4
28;0;1
28;1;1
28;2;1
28;3;1
28;4;1
28;5;1
28;6;1
28;7;1
28;8;1
28;9;1
28;10;1
28;11;1
28;12;1
28;13;1
28;14;1
28;15;1
28;16;1
28;17;1
28;18;1
28;19;1
28;20;1
28;21;1
28;22;1
28;23;1
28;24;1
28;25;1
28;26;1
28;27;1
28;28;1
28;29;1
28;30;1
28;31;1
28;32;1
28;33;1
28;34;1
28;35;1
28;36;1
28;37;1
28;38;1
28;39;1
28;40;1
28;41;1
28;42;1
28;43;1
28;44;1
28;45;1
28;46;1
28;47;1
28;48;1
28;49;1
28;50;1
28;51;1
28;52;1
28;53;1
28;54;1
28;55;1
28;56;1
28;57;1
28;58;1
28;59;1
28;60;1
28;61;1
28;62;1
28;63;1
28;64;1
28;65;1
28;66;1
28;67;1
28;68;1
28;69;1
28;70;1
28;71;1
28;72;1
28;73;1
28;74;1
28;75;1
28;76;1
28;77;1
28;78;1
28;79;1
28;80;1
28;81;1
28;82;1
28;83;1
28;84;1
28;85;1
28;86;1
28;87;1
28;88;1
28;89;1
28;90;1
28;91;2
28;92;2
28;93;2
28;94;2
28;95;2
28;96;4
28;97;4
28;98;4
28;99;4
28;100;4
29;0;1
29;1;1
29;2;1
29;3;1
29;4;1
29;5;1
29;6;1
29;7;1
29;8;1
29;9;1
29;10;1
29;11;1
29;12;1
29;13;1
29;14;1
29;15;1
29;16;1
29;17;1
29;18;1
29;19;1
29;20;1
29;21;1
29;22;1
29;23;1
29;24;1
29;25;1
29;26;1
29;27;1
29;28;1
29;29;1
29;30;1
29;31;1
29;32;1
29;33;1
29;34;1
29;35;1
29;36;1
29;37;1
29;38;1
29;39;1
29;40;1
29;41;1
29;42;1
29;43;1
29;44;1
29;45;1
29;46;1
29;47;1
29;48;1
29;49;1
29;50;1
29;51;1
29;52;1
29;53;1
29;54;1
29;55;1
29;56;1
29;57;1
29;58;1
29;59;1
29;60;1
29;61;1
29;62;1
29;63;1
29;64;1
29;65;1
29;66;1
29;67;1
29;68;1
29;69;1
29;70;1
29;71;1
29;72;1
29;73;1
29;74;1
29;75;1
29;76;1
29;77;1
29;78;1
29;79;1
29;80;1
29;81;1
29;82;1
29;83;1
29;84;1
29;85;1
29;86;1
29;87;1
29;88;1
29;89;1
29;90;1
29;91;2
29;92;2
29;93;2
29;94;2
29;95;2
29;96;4
29;97;4
29;98;4
29;99;4
29;100;4
30;0;1
30;1;1
30;2;1
30;3;1
30;4;1
30;5;1
30;6;1
30;7;1
30;8;1
30;9;1
30;10;1
30;11;1
30;12;1
30;13;1
30;14;1
30;15;1
30;16;1
30;17;1
30;18;1
30;19;1
30;20;1
30;21;1
30;22;1
30;23;1
30;24;1
30;25;1
30;26;1
30;27;1
30;28;1
30;29;1
30;30;1
30;31;1
30;32;1
30;33;1
30;34;1
30;35;1
30;36;1
30;37;1
30;38;1
30;39;1
30;40;1
30;41;1
30;42;1
30;43;1
30;44;1
30;45;1
30;46;1
30;47;1
30;48;1
30;49;1
30;50;1
30;51;1
30;52;1
30;53;1
30;54;1
30;55;1
30;56;1
30;57;1
30;58;1
30;59;1
30;60;1
30;61;1
30;62;1
30;63;1
30;64;1
30;65;1
30;66;1
30;67;1
30;68;1
30;69;1
30;70;1
30;71;1
30;72;1
30;73;1
30;74;1
30;75;1
30;76;1
30;77;1
30;78;1
30;79;1
30;80;1
30;81;1
30;82;1
30;83;1
30;84;1
30;85;1
30;86;1
30;87;1
30;88;1
30;89;1
30;90;1
30;91;2
30;92;2
30;93;2
30;94;2
30;95;2
30;96;4
30;97;4
30;98;4
30;99;4
30;100;4
31;0;1
31;1;1
31;2;1
31;3;1
31;4;1
31;5;1
31;6;1
31;7;1
31;8;1
31;9;1
31;10;1
31;11;1
31;12;1
31;13;1
31;14;1
31;15;1
31;16;1
31;17;1
31;18;1
31;19;1
31;20;1
31;21;1
31;22;1
31;23;1
31;24;1
31;25;1
31;26;1
31;27;1
31;28;1
31;29;1
31;30;1
31;31;1
31;32;1
31;33;1
31;34;1
31;35;1
31;36;1
31;37;1
31;38;1
31;39;1
31;40;1
31;41;1
31;42;1
31;43;1
31;44;1
31;45;1
31;46;1
31;47;1
31;48;1
31;49;1
31;50;1
31;51;1
31;52;1
31;53;1
31;54;1
31;55;1
31;56;1
31;57;1
31;58;1
31;59;1
31;60;1
31;61;1
31;62;1
31;63;1
31;64;1
31;65;1
31;66;1
31;67;1
31;68;1
31;69;1
31;70;1
31;71;1
31;72;1
31;73;1
31;74;1
31;75;1
31;76;1
31;77;1
31;78;1
31;79;1
31;80;1
31;81;1
31;82;1
31;83;1
31;84;1
31;85;1
31;86;1
31;87;1
31;88;1
31;89;1
31;90;1
31;91;2
31;92;2
31;93;2
31;94;2
31;95;2
31;96;4
31;97;4
31;98;4
31;99;4
31;100;4
32;0;1
32;1;1
32;2;1
32;3;1
32;4;1
32;5;1
32;6;1
32;7;1
32;8;1
32;9;1
32;10;1
32;11;1
32;12;1
32;13;1
32;14;1
32;15;1
32;16;1
32;17;1
32;18;1
32;19;1
32;20;1
32;21;1
32;22;1
32;23;1
32;24;1
32;25;1
32;26;1
32;27;1
32;28;1
32;29;1
32;30;1
32;31;1
32;32;1
32;33;1
32;34;1
32;35;1
32;36;1
32;37;1
32;38;1
32;39;1
32;40;1
32;41;1
32;42;1
32;43;1
32;44;1
32;45;1
32;46;1
32;47;1
32;48;1
32;49;1
32;50;1
32;51;1
32;52;1
32;53;1
32;54;1
32;55;1
32;56;1
32;57;1
32;58;1
32;59;1
32;60;1
32;61;1
32;62;1
32;63;1
32;64;1
32;65;1
32;66;1
32;67;1
32;68;1
32;69;1
32;70;1
32;71;1
32;72;1
32;73;1
32;74;1
32;75;1
32;76;1
32;77;1
32;78;1
32;79;1
32;80;1
32;81;1
32;82;1
32;83;1
32;84;1
32;85;1
32;86;1
32;87;1
32;88;1
32;89;1
32;90;1
32;91;2
32;92;2
32;93;2
32;94;2
32;95;2
32;96;4
32;97;4
32;98;4
32;99;4
32;100;4
33;0;1
33;1;1
33;2;1
33;3;1
33;4;1
33;5;1
33;6;1
33;7;1
33;8;1
33;9;1
33;10;1
33;11;1
33;12;1
33;13;1
33;14;1
33;15;1
33;16;1
33;17;1
33;18;1
33;19;1
33;20;1
33;21;1
33;22;1
33;23;1
33;24;1
33;25;1
33;26;1
33;27;1
33;28;1
33;29;1
33;30;1
33;31;1
33;32;1
33;33;1
33;34;1
33;35;1
33;36;1
33;37;1
33;38;1
33;39;1
33;40;1
33;41;1
33;42;1
33;43;1
33;44;1
33;45;1
33;46;1
33;47;1
33;48;1
33;49;1
33;50;1
33;51;1
33;52;1
33;53;1
33;54;1
33;55;1
33;56;1
33;57;1
33;58;1
33;59;1
33;60;1
33;61;1
33;62;1
33;63;1
33;64;1
33;65;1
33;66;1
33;67;1
33;68;1
33;69;1
33;70;1
33;71;1
33;72;1
33;73;1
33;74;1
33;75;1
33;76;1
33;77;1
33;78;1
33;79;1
33;80;1
33;81;1
33;82;1
33;83;1
33;84;1
33;85;1
33;86;1
33;87;1
33;88;1
33;89;1
33;90;1
33;91;2
33;92;2
33;93;2
33;94;2
33;95;2
33;96;4
33;97;4
33;98;4
33;99;4
33;100;4
34;0;1
34;1;1
34;2;1
34;3;1
34;4;1
34;5;1
34;6;1
34;7;1
34;8;1
34;9;1
34;10;1
34;11;1
34;12;1
34;13;1
34;14;1
34;15;1
34;16;1
34;17;1
34;18;1
34;19;1
34;20;1
34;21;1
34;22;1
34;23;1
34;24;1
34;25;1
34;26;1
34;27;1
34;28;1
34;29;1
34;30;1
34;31;1
34;32;1
34;33;1
34;34;1
34;35;1
34;36;1
34;37;1
34;38;1
34;39;1
34;40;1
34;41;1
34;42;1
34;43;1
34;44;1
34;45;1
34;46;1
34;47;1
34;48;1
34;49;1
34;50;1
34;51;1
34;52;1
34;53;1
34;54;1
34;55;1
34;56;1
34;57;1
34;58;1
34;59;1
34;60;1
34;61;1
34;62;1
34;63;1
34;64;1
34;65;1
34;66;1
34;67;1
34;68;1
34;69;1
34;70;1
34;71;1
34;72;1
34;73;1
34;74;1
34;75;1
34;76;1
34;77;1
34;78;1
34;79;1
34;80;1
34;81;1
34;82;1
34;83;1
34;84;1
34;85;1
34;86;1
34;87;1
34;88;1
34;89;1
34;90;1
34;91;2
34;92;2
34;93;2
34;94;2
34;95;2
34;96;4
34;97;4
34;98;4
34;99;4
34;100;4
35;0;1
35;1;1
35;2;1
35;3;1
35;4;1
35;5;1
35;6;1
35;7;1
35;8;1
35;9;1
35;10;1
35;11;1
35;12;1
35;13;1
35;14;1
35;15;1
35;16;1
35;17;1
35;18;1
35;19;1
35;20;1
35;21;1
35;22;1
35;23;1
35;24;1
35;25;1
35;26;1
35;27;1
35;28;1
35;29;1
35;30;1
35;31;1
35;32;1
35;33;1
35;34;1
35;35;1
35;36;1
35;37;1
35;38;1
35;39;1
35;40;1
35;41;1
35;42;1
35;43;1
35;44;1
35;45;1
35;46;1
35;47;1
35;48;1
35;49;1
35;50;1
35;51;1
35;52;1
35;53;1
35;54;1
35;55;1
35;56;1
35;57;1
35;58;1
35;59;1
35;60;1
35;61;1
35;62;1
35;63;1
35;64;1
35;65;1
35;66;1
35;67;1
35;68;1
35;69;1
35;70;1
35;71;1
35;72;1
35;73;1
35;74;1
35;75;1
35;76;1
35;77;1
35;78;1
35;79;1
35;80;1
35;81;1
35;82;1
35;83;1
35;84;1
35;85;1
35;86;1
35;87;1
35;88;1
35;89;1
35;90;1
35;91;2
35;92;2
35;93;2
35;94;2
35;95;2
35;96;4
35;97;4
35;98;4
35;99;4
35;100;4
36;0;1
36;1;1
36;2;1
36;3;1
36;4;1
36;5;1
36;6;1
36;7;1
36;8;1
36;9;1
36;10;1
36;11;1
36;12;1
36;13;1
36;14;1
36;15;1
36;16;1
36;17;1
36;18;1
36;19;1
36;20;1
36;21;1
36;22;1
36;23;1
36;24;1
36;25;1
36;26;1
36;27;1
36;28;1
36;29;1
36;30;1
36;31;1
36;32;1
36;33;1
36;34;1
36;35;1
36;36;1
36;37;1
36;38;1
36;39;1
36;40;1
36;41;1
36;42;1
36;43;1
36;44;1
36;45;1
36;46;1
36;47;1
36;48;1
36;49;1
36;50;1
36;51;1
36;52;1
36;53;1
36;54;1
36;55;1
36;56;1
36;57;1
36;58;1
36;59;1
36;60;1
36;61;1
36;62;1
36;63;1
36;64;1
36;65;1
36;66;1
36;67;1
36;68;1
36;69;1
36;70;1
36;71;1
36;72;1
36;73;1
36;74;1
36;75;1
36;76;1
36;77;1
36;78;1
36;79;1
36;80;1
36;81;1
36;82;1
36;83;1
36;84;1
36;85;1
36;86;1
36;87;1
36;88;1
36;89;1
36;90;1
36;91;2
36;92;2
36;93;2
36;94;2
36;95;2
36;96;4
36;97;4
36;98;4
36;99;4
36;100;4
37;0;1
37;1;1
37;2;1
37;3;1
37;4;1
37;5;1
37;6;1
37;7;1
37;8;1
37;9;1
37;10;1
37;11;1
37;12;1
37;13;1
37;14;1
37;15;1
37;16;1
37;17;1
37;18;1
37;19;1
37;20;1
37;21;1
37;22;1
37;23;1
37;24;1
37;25;1
37;26;1
37;27;1
37;28;1
37;29;1
37;30;1
37;31;1
37;32;1
37;33;1
37;34;1
37;35;1
37;36;1
37;37;1
37;38;1
37;39;1
37;40;1
37;41;1
37;42;1
37;43;1
37;44;1
37;45;1
37;46;1
37;47;1
37;48;1
37;49;1
37;50;1
37;51;1
37;52;1
37;53;1
37;54;1
37;55;1
37;56;1
37;57;1
37;58;1
37;59;1
37;60;1
37;61;1
37;62;1
37;63;1
37;64;1
37;65;1
37;66;1
37;67;1
37;68;1
37;69;1
37;70;1
37;71;1
37;72;1
37;73;1
37;74;1
37;75;1
37;76;1
37;77;1
37;78;1
37;79;1
37;80;1
37;81;1
37;82;1
37;83;1
37;84;1
37;85;1
37;86;1
37;87;1
37;88;1
37;89;1
37;90;1
37;91;2
37;92;2
37;93;2
37;94;2
37;95;2
37;96;4
37;97;4
37;98;4
37;99;4
37;100;4
38;0;1
38;1;1
38;2;1
38;3;1
38;4;1
38;5;1
38;6;1
38;7;1
38;8;1
38;9;1
38;10;1
38;11;1
38;12;1
38;13;1
38;14;1
38;15;1
38;16;1
38;17;1
38;18;1
38;19;1
38;20;1
38;21;1
38;22;1
38;23;1
38;24;1
38;25;1
38;26;1
38;27;1
38;28;1
38;29;1
38;30;1
38;31;1
38;32;1
38;33;1
38;34;1
38;35;1
38;36;1
38;37;1
38;38;1
38;39;1
38;40;1
38;41;1
38;42;1
38;43;1
38;44;1
38;45;1
38;46;1
38;47;1
38;48;1
38;49;1
38;50;1
38;51;1
38;52;1
38;53;1
38;54;1
38;55;1
38;56;1
38;57;1
38;58;1
38;59;1
38;60;1
38;61;1
38;62;1
38;63;1
38;64;1
38;65;1
38;66;1
38;67;1
38;68;1
38;69;1
38;70;1
38;71;1
38;72;1
38;73;1
38;74;1
38;75;1
38;76;1
38;77;1
38;78;1
38;79;1
38;80;1
38;81;1
38;82;1
38;83;1
38;84;1
38;85;1
38;86;1
38;87;1
38;88;1
38;89;1
38;90;1
38;91;2
38;92;2
38;93;2
38;94;2
38;95;2
38;96;4
38;97;4
38;98;4
38;99;4
38;100;4
39;0;1
39;1;1
39;2;1
39;3;1
39;4;1
39;5;1
39;6;1
39;7;1
39;8;1
39;9;1
39;10;1
39;11;1
39;12;1
39;13;1
39;14;1
39;15;1
39;16;1
39;17;1
39;18;1
39;19;1
39;20;1
39;21;1
39;22;1
39;23;1
39;24;1
39;25;1
39;26;1
39;27;1
39;28;1
39;29;1
39;30;1
39;31;1
39;32;1
39;33;1
39;34;1
39;35;1
39;36;1
39;37;1
39;38;1
39;39;1
39;40;1
39;41;1
39;42;1
39;43;1
39;44;1
39;45;1
39;46;1
39;47;1
39;48;1
39;49;1
39;50;1
39;51;1
39;52;1
39;53;1
39;54;1
39;55;1
39;56;1
39;57;1
39;58;1
39;59;1
39;60;1
39;61;1
39;62;1
39;63;1
39;64;1
39;65;1
39;66;1
39;67;1
39;68;1
39;69;1
39;70;1
39;71;1
39;72;1
39;73;1
39;74;1
39;75;1
39;76;1
39;77;1
39;78;1
39;79;1
39;80;1
39;81;1
39;82;1
39;83;1
39;84;1
39;85;1
39;86;1
39;87;1
39;88;1
39;89;1
39;90;1
39;91;2
39;92;2
39;93;2
39;94;2
39;95;2
39;96;4
39;97;4
39;98;4
39;99;4
39;100;4
40;0;1
40;1;1
40;2;1
40;3;1
40;4;1
40;5;1
40;6;1
40;7;1
40;8;1
40;9;1
40;10;1
40;11;1
40;12;1
40;13;1
40;14;1
40;15;1
40;16;1
40;17;1
40;18;1
40;19;1
40;20;1
40;21;1
40;22;1
40;23;1
40;24;1
40;25;1
40;26;1
40;27;1
40;28;1
40;29;1
40;30;1
40;31;1
40;32;1
40;33;1
40;34;1
40;35;1
40;36;1
40;37;1
40;38;1
40;39;1
40;40;1
40;41;1
40;42;1
40;43;1
40;44;1
40;45;1
40;46;1
40;47;1
40;48;1
40;49;1
40;50;1
40;51;1
40;52;1
40;53;1
40;54;1
40;55;1
40;56;1
40;57;1
40;58;1
40;59;1
40;60;1
40;61;1
40;62;1
40;63;1
40;64;1
40;65;1
40;66;1
40;67;1
40;68;1
40;69;1
40;70;1
40;71;1
40;72;1
40;73;1
40;74;1
40;75;1
40;76;1
40;77;1
40;78;1
40;79;1
40;80;1
40;81;1
40;82;1
40;83;1
40;84;1
40;85;1
40;86;1
40;87;1
40;88;1
40;89;1
40;90;1
40;91;2
40;92;2
40;93;2
40;94;2
40;95;2
40;96;4
40;97;4
40;98;4
40;99;4
40;100;4
41;0;1
41;1;1
41;2;1
41;3;1
41;4;1
41;5;1
41;6;1
41;7;1
41;8;1
41;9;1
41;10;1
41;11;1
41;12;1
41;13;1
41;14;1
41;15;1
41;16;1
41;17;1
41;18;1
41;19;1
41;20;1
41;21;1
41;22;1
41;23;1
41;24;1
41;25;1
41;26;1
41;27;1
41;28;1
41;29;1
41;30;1
41;31;1
41;32;1
41;33;1
41;34;1
41;35;1
41;36;1
41;37;1
41;38;1
41;39;1
41;40;1
41;41;1
41;42;1
41;43;1
41;44;1
41;45;1
41;46;1
41;47;1
41;48;1
41;49;1
41;50;1
41;51;1
41;52;1
41;53;1
41;54;1
41;55;1
41;56;1
41;57;1
41;58;1
41;59;1
41;60;1
41;61;1
41;62;1
41;63;1
41;64;1
41;65;1
41;66;1
41;67;1
41;68;1
41;69;1
41;70;1
41;71;1
41;72;1
41;73;1
41;74;1
41;75;1
41;76;1
41;77;1
41;78;1
41;79;1
41;80;1
41;81;1
41;82;1
41;83;1
41;84;1
41;85;1
41;86;1
41;87;1
41;88;1
41;89;1
41;90;1
41;91;2
41;92;2
41;93;2
41;94;2
41;95;2
41;96;4
41;97;4
41;98;4
41;99;4
41;100;4
42;0;1
42;1;1
42;2;1
42;3;1
42;4;1
42;5;1
42;6;1
42;7;1
42;8;1
42;9;1
42;10;1
42;11;1
42;12;1
42;13;1
42;14;1
42;15;1
42;16;1
42;17;1
42;18;1
42;19;1
42;20;1
42;21;1
42;22;1
42;23;1
42;24;1
42;25;1
42;26;1
42;27;1
42;28;1
42;29;1
42;30;1
42;31;1
42;32;1
42;33;1
42;34;1
42;35;1
42;36;1
42;37;1
42;38;1
42;39;1
42;40;1
42;41;1
42;42;1
42;43;1
42;44;1
42;45;1
42;46;1
42;47;1
42;48;1
42;49;1
42;50;1
42;51;1
42;52;1
42;53;1
42;54;1
42;55;1
42;56;1
42;57;1
42;58;1
42;59;1
42;60;1
42;61;1
42;62;1
42;63;1
42;64;1
42;65;1
42;66;1
42;67;1
42;68;1
42;69;1
42;70;1
42;71;1
42;72;1
42;73;1
42;74;1
42;75;1
42;76;1
42;77;1
42;78;1
42;79;1
42;80;1
42;81;1
42;82;1
42;83;1
42;84;1
42;85;1
42;86;1
42;87;1
42;88;1
42;89;1
42;90;1
42;91;2
42;92;2
42;93;2
42;94;2
42;95;2
42;96;4
42;97;4
42;98;4
42;99;4
42;100;4
43;0;1
43;1;1
43;2;1
43;3;1
43;4;1
43;5;1
43;6;1
43;7;1
43;8;1
43;9;1
43;10;1
43;11;1
43;12;1
43;13;1
43;14;1
43;15;1
43;16;1
43;17;1
43;18;1
43;19;1
43;20;1
43;21;1
43;22;1
43;23;1
43;24;1
43;25;1
43;26;1
43;27;1
43;28;1
43;29;1
43;30;1
43;31;1
43;32;1
43;33;1
43;34;1
43;35;1
43;36;1
43;37;1
43;38;1
43;39;1
43;40;1
43;41;1
43;42;1
43;43;1
43;44;1
43;45;1
43;46;1
43;47;1
43;48;1
43;49;1
43;50;1
43;51;1
43;52;1
43;53;1
43;54;1
43;55;1
43;56;1
43;57;1
43;58;1
43;59;1
43;60;1
43;61;1
43;62;1
43;63;1
43;64;1
43;65;1
43;66;1
43;67;1
43;68;1
43;69;1
43;70;1
43;71;1
43;72;1
43;73;1
43;74;1
43;75;1
43;76;1
43;77;1
43;78;1
43;79;1
43;80;1
43;81;1
43;82;1
43;83;1
43;84;1
43;85;1
43;86;1
43;87;1
43;88;1
43;89;1
43;90;1
43;91;2
43;92;2
43;93;2
43;94;2
43;95;2
43;96;4
43;97;4
43;98;4
43;99;4
43;100;4
44;0;1
44;1;1
44;2;1
44;3;1
44;4;1
44;5;1
44;6;1
44;7;1
44;8;1
44;9;1
44;10;1
44;11;1
44;12;1
44;13;1
44;14;1
44;15;1
44;16;1
44;17;1
44;18;1
44;19;1
44;20;1
44;21;1
44;22;1
44;23;1
44;24;1
44;25;1
44;26;1
44;27;1
44;28;1
44;29;1
44;30;1
44;31;1
44;32;1
44;33;1
44;34;1
44;35;1
44;36;1
44;37;1
44;38;1
44;39;1
44;40;1
44;41;1
44;42;1
44;43;1
44;44;1
44;45;1
44;46;1
44;47;1
44;48;1
44;49;1
44;50;1
44;51;1
44;52;1
44;53;1
44;54;1
44;55;1
44;56;1
44;57;1
44;58;1
44;59;1
44;60;1
44;61;1
44;62;1
44;63;1
44;64;1
44;65;1
44;66;1
44;67;1
44;68;1
44;69;1
44;70;1
44;71;1
44;72;1
44;73;1
44;74;1
44;75;1
44;76;1
44;77;1
44;78;1
44;79;1
44;80;1
44;81;1
44;82;1
44;83;1
44;84;1
44;85;1
44;86;1
44;87;1
44;88;1
44;89;1
44;90;1
44;91;2
44;92;2
44;93;2
44;94;2
44;95;2
44;96;4
44;97;4
44;98;4
44;99;4
44;100;4
45;0;1
45;1;1
45;2;1
45;3;1
45;4;1
45;5;1
45;6;1
45;7;1
45;8;1
45;9;1
45;10;1
45;11;1
45;12;1
45;13;1
45;14;1
45;15;1
45;16;1
45;17;1
45;18;1
45;19;1
45;20;1
45;21;1
45;22;1
45;23;1
45;24;1
45;25;1
45;26;1
45;27;1
45;28;1
45;29;1
45;30;1
45;31;1
45;32;1
45;33;1
45;34;1
45;35;1
45;36;1
45;37;1
45;38;1
45;39;1
45;40;1
45;41;1
45;42;1
45;43;1
45;44;1
45;45;1
45;46;1
45;47;1
45;48;1
45;49;1
45;50;1
45;51;1
45;52;1
45;53;1
45;54;1
45;55;1
45;56;1
45;57;1
45;58;1
45;59;1
45;60;1
45;61;1
45;62;1
45;63;1
45;64;1
45;65;1
45;66;1
45;67;1
45;68;1
45;69;1
45;70;1
45;71;1
45;72;1
45;73;1
45;74;1
45;75;1
45;76;1
45;77;1
45;78;1
45;79;1
45;80;1
45;81;1
45;82;1
45;83;1
45;84;1
45;85;1
45;86;1
45;87;1
45;88;1
45;89;1
45;90;1
45;91;2
45;92;2
45;93;2
45;94;2
45;95;2
45;96;4
45;97;4
45;98;4
45;99;4
45;100;4
46;0;1
46;1;1
46;2;1
46;3;1
46;4;1
46;5;1
46;6;1
46;7;1
46;8;1
46;9;1
46;10;1
46;11;1
46;12;1
46;13;1
46;14;1
46;15;1
46;16;1
46;17;1
46;18;1
46;19;1
46;20;1
46;21;1
46;22;1
46;23;1
46;24;1
46;25;1
46;26;1
46;27;1
46;28;1
46;29;1
46;30;1
46;31;1
46;32;1
46;33;1
46;34;1
46;35;1
46;36;1
46;37;1
46;38;1
46;39;1
46;40;1
46;41;1
46;42;1
46;43;1
46;44;1
46;45;1
46;46;1
46;47;1
46;48;1
46;49;1
46;50;1
46;51;1
46;52;1
46;53;1
46;54;1
46;55;1
46;56;1
46;57;1
46;58;1
46;59;1
46;60;1
46;61;1
46;62;1
46;63;1
46;64;1
46;65;1
46;66;1
46;67;1
46;68;1
46;69;1
46;70;1
46;71;1
46;72;1
46;73;1
46;74;1
46;75;1
46;76;1
46;77;1
46;78;1
46;79;1
46;80;1
46;81;1
46;82;1
46;83;1
46;84;1
46;85;1
46;86;1
46;87;1
46;88;1
46;89;1
46;90;1
46;91;2
46;92;2
46;93;2
46;94;2
46;95;2
46;96;4
46;97;4
46;98;4
46;99;4
46;100;4
47;0;1
47;1;1
47;2;1
47;3;1
47;4;1
47;5;1
47;6;1
47;7;1
47;8;1
47;9;1
47;10;1
47;11;1
47;12;1
47;13;1
47;14;1
47;15;1
47;16;1
47;17;1
47;18;1
47;19;1
47;20;1
47;21;1
47;22;1
47;23;1
47;24;1
47;25;1
47;26;1
47;27;1
47;28;1
47;29;1
47;30;1
47;31;1
47;32;1
47;33;1
47;34;1
47;35;1
47;36;1
47;37;1
47;38;1
47;39;1
47;40;1
47;41;1
47;42;1
47;43;1
47;44;1
47;45;1
47;46;1
47;47;1
47;48;1
47;49;1
47;50;1
47;51;1
47;52;1
47;53;1
47;54;1
47;55;1
47;56;1
47;57;1
47;58;1
47;59;1
47;60;1
47;61;1
47;62;1
47;63;1
47;64;1
47;65;1
47;66;1
47;67;1
47;68;1
47;69;1
47;70;1
47;71;1
47;72;1
47;73;1
47;74;1
47;75;1
47;76;1
47;77;1
47;78;1
47;79;1
47;80;1
47;81;1
47;82;1
47;83;1
47;84;1
47;85;1
47;86;1
47;87;1
47;88;1
47;89;1
47;90;1
47;91;2
47;92;2
47;93;2
47;94;2
47;95;2
47;96;4
47;97;4
47;98;4
47;99;30
47;100;30
48;0;1
48;1;1
48;2;1
48;3;1
48;4;1
48;5;1
48;6;1
48;7;1
48;8;1
48;9;1
48;10;1
48;11;1
48;12;1
48;13;1
48;14;1
48;15;1
48;16;1
48;17;1
48;18;1
48;19;1
48;20;1
48;21;1
48;22;1
48;23;1
48;24;1
48;25;1
48;26;1
48;27;1
48;28;1
48;29;1
48;30;1
48;31;1
48;32;1
48;33;1
48;34;1
48;35;1
48;36;1
48;37;1
48;38;1
48;39;1
48;40;1
48;41;1
48;42;1
48;43;1
48;44;1
48;45;1
48;46;1
48;47;1
48;48;1
48;49;1
48;50;1
48;51;1
48;52;1
48;53;1
48;54;1
48;55;1
48;56;1
48;57;1
48;58;1
48;59;1
48;60;1
48;61;1
48;62;1
48;63;1
48;64;1
48;65;1
48;66;1
48;67;1
48;68;1
48;69;1
48;70;1
48;71;1
48;72;1
48;73;1
48;74;1
48;75;1
48;76;1
48;77;1
48;78;1
48;79;1
48;80;1
48;81;1
48;82;1
48;83;1
48;84;1
48;85;1
48;86;1
48;87;1
48;88;1
48;89;1
48;90;1
48;91;2
48;92;2
48;93;2
48;94;2
48;95;2
48;96;4
48;97;4
48;98;4
48;99;30
48;100;30
49;0;1
49;1;1
49;2;1
49;3;1
49;4;1
49;5;1
49;6;1
49;7;1
49;8;1
49;9;1
49;10;1
49;11;1
49;12;1
49;13;1
49;14;1
49;15;1
49;16;1
49;17;1
49;18;1
49;19;1
49;20;1
49;21;1
49;22;1
49;23;1
49;24;1
49;25;1
49;26;1
49;27;1
49;28;1
49;29;1
49;30;1
49;31;1
49;32;1
49;33;1
49;34;1
49;35;1
49;36;1
49;37;1
49;38;1
49;39;1
49;40;1
49;41;1
49;42;1
49;43;1
49;44;1
49;45;1
49;46;1
49;47;1
49;48;1
49;49;1
49;50;1
49;51;1
49;52;1
49;53;1
49;54;1
49;55;1
49;56;1
49;57;1
49;58;1
49;59;1
49;60;1
49;61;1
49;62;1
49;63;1
49;64;1
49;65;1
49;66;1
49;67;1
49;68;1
49;69;1
49;70;1
49;71;1
49;72;1
49;73;1
49;74;1
49;75;1
49;76;1
49;77;1
49;78;1
49;79;1
49;80;1
49;81;1
49;82;1
49;83;1
49;84;1
49;85;1
49;86;1
49;87;1
49;88;1
49;89;1
49;90;1
49;91;2
49;92;2
49;93;2
49;94;2
49;95;2
49;96;4
49;97;4
49;98;4
49;99;30
49;100;30
50;0;1
50;1;1
50;2;1
50;3;1
50;4;1
50;5;1
50;6;1
50;7;1
50;8;1
50;9;1
50;10;1
50;11;1
50;12;1
50;13;1
50;14;1
50;15;1
50;16;1
50;17;1
50;18;1
50;19;1
50;20;1
50;21;1
50;22;1
50;23;1
50;24;1
50;25;1
50;26;1
50;27;1
50;28;1
50;29;1
50;30;1
50;31;1
50;32;1
50;33;1
50;34;1
50;35;1
50;36;1
50;37;1
50;38;1
50;39;1
50;40;1
50;41;1
50;42;1
50;43;1
50;44;1
50;45;1
50;46;1
50;47;1
50;48;1
50;49;1
50;50;1
50;51;1
50;52;1
50;53;1
50;54;1
50;55;1
50;56;1
50;57;1
50;58;1
50;59;1
50;60;1
50;61;1
50;62;1
50;63;1
50;64;1
50;65;1
50;66;1
50;67;1
50;68;1
50;69;1
50;70;1
50;71;1
50;72;1
50;73;1
50;74;1
50;75;1
50;76;1
50;77;1
50;78;1
50;79;1
50;80;1
50;81;1
50;82;1
50;83;1
50;84;1
50;85;1
50;86;1
50;87;1
50;88;1
50;89;1
50;90;1
50;91;2
50;92;2
50;93;2
50;94;2
50;95;2
50;96;4
50;97;4
50;98;4
50;99;30
50;100;30
51;0;1
51;1;1
51;2;1
51;3;1
51;4;1
51;5;1
51;6;1
51;7;1
51;8;1
51;9;1
51;10;1
51;11;1
51;12;1
51;13;1
51;14;1
51;15;1
51;16;1
51;17;1
51;18;1
51;19;1
51;20;1
51;21;1
51;22;1
51;23;1
51;24;1
51;25;1
51;26;1
51;27;1
51;28;1
51;29;1
51;30;1
51;31;1
51;32;1
51;33;1
51;34;1
51;35;1
51;36;1
51;37;1
51;38;1
51;39;1
51;40;1
51;41;1
51;42;1
51;43;1
51;44;1
51;45;1
51;46;1
51;47;1
51;48;1
51;49;1
51;50;1
51;51;1
51;52;1
51;53;1
51;54;1
51;55;1
51;56;1
51;57;1
51;58;1
51;59;1
51;60;1
51;61;1
51;62;1
51;63;1
51;64;1
51;65;1
51;66;1
51;67;1
51;68;1
51;69;1
51;70;1
51;71;1
51;72;1
51;73;1
51;74;1
51;75;1
51;76;1
51;77;1
51;78;1
51;79;1
51;80;1
51;81;1
51;82;1
51;83;1
51;84;1
51;85;1
51;86;1
51;87;1
51;88;1
51;89;1
51;90;1
51;91;2
51;92;2
51;93;2
51;94;2
51;95;2
51;96;4
51;97;4
51;98;4
51;99;30
51;100;30
52;0;1
52;1;1
52;2;1
52;3;1
52;4;1
52;5;1
52;6;1
52;7;1
52;8;1
52;9;1
52;10;1
52;11;1
52;12;1
52;13;1
52;14;1
52;15;1
52;16;1
52;17;1
52;18;1
52;19;1
52;20;1
52;21;1
52;22;1
52;23;1
52;24;1
52;25;1
52;26;1
52;27;1
52;28;1
52;29;1
52;30;1
52;31;1
52;32;1
52;33;1
52;34;1
52;35;1
52;36;1
52;37;1
52;38;1
52;39;1
52;40;1
52;41;1
52;42;1
52;43;1
52;44;1
52;45;1
52;46;1
52;47;1
52;48;1
52;49;1
52;50;1
52;51;1
52;52;1
52;53;1
52;54;1
52;55;1
52;56;1
52;57;1
52;58;1
52;59;1
52;60;1
52;61;1
52;62;1
52;63;1
52;64;1
52;65;1
52;66;1
52;67;1
52;68;1
52;69;1
52;70;1
52;71;1
52;72;1
52;73;1
52;74;1
52;75;1
52;76;1
52;77;1
52;78;1
52;79;1
52;80;1
52;81;1
52;82;1
52;83;1
52;84;1
52;85;1
52;86;1
52;87;1
52;88;1
52;89;1
52;90;1
52;91;2
52;92;2
52;93;2
52;94;2
52;95;2
52;96;4
52;97;4
52;98;4
52;99;30
52;100;30
53;0;1
53;1;1
53;2;1
53;3;1
53;4;1
53;5;1
53;6;1
53;7;1
53;8;1
53;9;1
53;10;1
53;11;1
53;12;1
53;13;1
53;14;1
53;15;1
53;16;1
53;17;1
53;18;1
53;19;1
53;20;1
53;21;1
53;22;1
53;23;1
53;24;1
53;25;1
53;26;1
53;27;1
53;28;1
53;29;1
53;30;1
53;31;1
53;32;1
53;33;1
53;34;1
53;35;1
53;36;1
53;37;1
53;38;1
53;39;1
53;40;1
53;41;1
53;42;1
53;43;1
53;44;1
53;45;1
53;46;1
53;47;1
53;48;1
53;49;1
53;50;1
53;51;1
53;52;1
53;53;1
53;54;1
53;55;1
53;56;1
53;57;1
53;58;1
53;59;1
53;60;1
53;61;1
53;62;1
53;63;1
53;64;1
53;65;1
53;66;1
53;67;1
53;68;1
53;69;1
53;70;1
53;71;1
53;72;1
53;73;1
53;74;1
53;75;1
53;76;1
53;77;1
53;78;1
53;79;1
53;80;1
53;81;1
53;82;1
53;83;1
53;84;1
53;85;1
53;86;1
53;87;1
53;88;1
53;89;1
53;90;1
53;91;2
53;92;2
53;93;2
53;94;2
53;95;2
53;96;4
53;97;4
53;98;4
53;99;30
53;100;30
54;0;1
54;1;1
54;2;1
54;3;1
54;4;1
54;5;1
54;6;1
54;7;1
54;8;1
54;9;1
54;10;1
54;11;1
54;12;1
54;13;1
54;14;1
54;15;1
54;16;1
54;17;1
54;18;1
54;19;1
54;20;1
54;21;1
54;22;1
54;23;1
54;24;1
54;25;1
54;26;1
54;27;1
54;28;1
54;29;1
54;30;1
54;31;1
54;32;1
54;33;1
54;34;1
54;35;1
54;36;1
54;37;1
54;38;1
54;39;1
54;40;1
54;41;1
54;42;1
54;43;1
54;44;1
54;45;1
54;46;1
54;47;1
54;48;1
54;49;1
54;50;1
54;51;1
54;52;1
54;53;1
54;54;1
54;55;1
54;56;1
54;57;1
54;58;1
54;59;1
54;60;1
54;61;1
54;62;1
54;63;1
54;64;1
54;65;1
54;66;1
54;67;1
54;68;1
54;69;1
54;70;1
54;71;1
54;72;1
54;73;1
54;74;1
54;75;1
54;76;1
54;77;1
54;78;1
54;79;1
54;80;1
54;81;1
54;82;1
54;83;1
54;84;1
54;85;1
54;86;1
54;87;1
54;88;1
54;89;1
54;90;1
54;91;2
54;92;2
54;93;2
54;94;2
54;95;2
54;96;4
54;97;4
54;98;4
54;99;30
54;100;30
55;0;1
55;1;1
55;2;1
55;3;1
55;4;1
55;5;1
55;6;1
55;7;1
55;8;1
55;9;1
55;10;1
55;11;1
55;12;1
55;13;1
55;14;1
55;15;1
55;16;1
55;17;1
55;18;1
55;19;1
55;20;1
55;21;1
55;22;1
55;23;1
55;24;1
55;25;1
55;26;1
55;27;1
55;28;1
55;29;1
55;30;1
55;31;1
55;32;1
55;33;1
55;34;1
55;35;1
55;36;1
55;37;1
55;38;1
55;39;1
55;40;1
55;41;1
55;42;1
55;43;1
55;44;1
55;45;1
55;46;1
55;47;1
55;48;1
55;49;1
55;50;1
55;51;1
55;52;1
55;53;1
55;54;1
55;55;1
55;56;1
55;57;1
55;58;1
55;59;1
55;60;1
55;61;1
55;62;1
55;63;1
55;64;1
55;65;1
55;66;1
55;67;1
55;68;1
55;69;1
55;70;1
55;71;1
55;72;1
55;73;1
55;74;1
55;75;1
55;76;1
55;77;1
55;78;1
55;79;1
55;80;1
55;81;1
55;82;1
55;83;1
55;84;1
55;85;1
55;86;1
55;87;1
55;88;1
55;89;1
55;90;1
55;91;2
55;92;2
55;93;2
55;94;2
55;95;2
55;96;4
55;97;4
55;98;30
55;99;30
55;100;30
56;0;1
56;1;1
56;2;1
56;3;1
56;4;1
56;5;1
56;6;1
56;7;1
56;8;1
56;9;1
56;10;1
56;11;1
56;12;1
56;13;1
56;14;1
56;15;1
56;16;1
56;17;1
56;18;1
56;19;1
56;20;1
56;21;1
56;22;1
56;23;1
56;24;1
56;25;1
56;26;1
56;27;1
56;28;1
56;29;1
56;30;1
56;31;1
56;32;1
56;33;1
56;34;1
56;35;1
56;36;1
56;37;1
56;38;1
56;39;1
56;40;1
56;41;1
56;42;1
56;43;1
56;44;1
56;45;1
56;46;1
56;47;1
56;48;1
56;49;1
56;50;1
56;51;1
56;52;1
56;53;1
56;54;1
56;55;1
56;56;1
56;57;1
56;58;1
56;59;1
56;60;1
56;61;1
56;62;1
56;63;1
56;64;1
56;65;1
56;66;1
56;67;1
56;68;1
56;69;1
56;70;1
56;71;1
56;72;1
56;73;1
56;74;1
56;75;1
56;76;1
56;77;1
56;78;1
56;79;1
56;80;1
56;81;1
56;82;1
56;83;1
56;84;1
56;85;1
56;86;1
56;87;1
56;88;1
56;89;1
56;90;1
56;91;2
56;92;2
56;93;2
56;94;2
56;95;2
56;96;4
56;97;30
56;98;30
56;99;30
56;100;30
57;0;1
57;1;1
57;2;1
57;3;1
57;4;1
57;5;1
57;6;1
57;7;1
57;8;1
57;9;1
57;10;1
57;11;1
57;12;1
57;13;1
57;14;1
57;15;1
57;16;1
57;17;1
57;18;1
57;19;1
57;20;1
57;21;1
57;22;1
57;23;1
57;24;1
57;25;1
57;26;1
57;27;1
57;28;1
57;29;1
57;30;1
57;31;1
57;32;1
57;33;1
57;34;1
57;35;1
57;36;1
57;37;1
57;38;1
57;39;1
57;40;1
57;41;1
57;42;1
57;43;1
57;44;1
57;45;1
57;46;1
57;47;1
57;48;1
57;49;1
57;50;1
57;51;1
57;52;1
57;53;1
57;54;1
57;55;1
57;56;1
57;57;1
57;58;1
57;59;1
57;60;1
57;61;1
57;62;1
57;63;1
57;64;1
57;65;1
57;66;1
57;67;1
57;68;1
57;69;1
57;70;1
57;71;1
57;72;1
57;73;1
57;74;1
57;75;1
57;76;1
57;77;1
57;78;1
57;79;1
57;80;1
57;81;1
57;82;1
57;83;1
57;84;1
57;85;1
57;86;1
57;87;1
57;88;1
57;89;1
57;90;1
57;91;2
57;92;2
57;93;2
57;94;2
57;95;2
57;96;4
57;97;30
57;98;30
57;99;30
57;100;30
58;0;1
58;1;1
58;2;1
58;3;1
58;4;1
58;5;1
58;6;1
58;7;1
58;8;1
58;9;1
58;10;1
58;11;1
58;12;1
58;13;1
58;14;1
58;15;1
58;16;1
58;17;1
58;18;1
58;19;1
58;20;1
58;21;1
58;22;1
58;23;1
58;24;1
58;25;1
58;26;1
58;27;1
58;28;1
58;29;1
58;30;1
58;31;1
58;32;1
58;33;1
58;34;1
58;35;1
58;36;1
58;37;1
58;38;1
58;39;1
58;40;1
58;41;1
58;42;1
58;43;1
58;44;1
58;45;1
58;46;1
58;47;1
58;48;1
58;49;1
58;50;1
58;51;1
58;52;1
58;53;1
58;54;1
58;55;1
58;56;1
58;57;1
58;58;1
58;59;1
58;60;1
58;61;1
58;62;1
58;63;1
58;64;1
58;65;1
58;66;1
58;67;1
58;68;1
58;69;1
58;70;1
58;71;1
58;72;1
58;73;1
58;74;1
58;75;1
58;76;1
58;77;1
58;78;1
58;79;1
58;80;1
58;81;1
58;82;1
58;83;1
58;84;1
58;85;1
58;86;1
58;87;1
58;88;1
58;89;1
58;90;1
58;91;2
58;92;2
58;93;2
58;94;2
58;95;2
58;96;4
58;97;30
58;98;30
58;99;30
58;100;30
59;0;1
59;1;1
59;2;1
59;3;1
59;4;1
59;5;1
59;6;1
59;7;1
59;8;1
59;9;1
59;10;1
59;11;1
59;12;1
59;13;1
59;14;1
59;15;1
59;16;1
59;17;1
59;18;1
59;19;1
59;20;1
59;21;1
59;22;1
59;23;1
59;24;1
59;25;1
59;26;1
59;27;1
59;28;1
59;29;1
59;30;1
59;31;1
59;32;1
59;33;1
59;34;1
59;35;1
59;36;1
59;37;1
59;38;1
59;39;1
59;40;1
59;41;1
59;42;1
59;43;1
59;44;1
59;45;1
59;46;1
59;47;1
59;48;1
59;49;1
59;50;1
59;51;1
59;52;1
59;53;1
59;54;1
59;55;1
59;56;1
59;57;1
59;58;1
59;59;1
59;60;1
59;61;1
59;62;1
59;63;1
59;64;1
59;65;1
59;66;1
59;67;1
59;68;1
59;69;1
59;70;1
59;71;1
59;72;1
59;73;1
59;74;1
59;75;1
59;76;1
59;77;1
59;78;1
59;79;1
59;80;1
59;81;1
59;82;1
59;83;1
59;84;1
59;85;1
59;86;1
59;87;1
59;88;1
59;89;1
59;90;1
59;91;2
59;92;2
59;93;2
59;94;2
59;95;2
59;96;4
59;97;30
59;98;30
59;99;30
59;100;30
60;0;1
60;1;1
60;2;1
60;3;1
60;4;1
60;5;1
60;6;1
60;7;1
60;8;1
60;9;1
60;10;1
60;11;1
60;12;1
60;13;1
60;14;1
60;15;1
60;16;1
60;17;1
60;18;1
60;19;1
60;20;1
60;21;1
60;22;1
60;23;1
60;24;1
60;25;1
60;26;1
60;27;1
60;28;1
60;29;1
60;30;1
60;31;1
60;32;1
60;33;1
60;34;1
60;35;1
60;36;1
60;37;1
60;38;1
60;39;1
60;40;1
60;41;1
60;42;1
60;43;1
60;44;1
60;45;1
60;46;1
60;47;1
60;48;1
60;49;1
60;50;1
60;51;1
60;52;1
60;53;1
60;54;1
60;55;1
60;56;1
60;57;1
60;58;1
60;59;1
60;60;1
60;61;1
60;62;1
60;63;1
60;64;1
60;65;1
60;66;1
60;67;1
60;68;1
60;69;1
60;70;1
60;71;1
60;72;1
60;73;1
60;74;1
60;75;1
60;76;1
60;77;1
60;78;1
60;79;1
60;80;1
60;81;1
60;82;1
60;83;1
60;84;1
60;85;1
60;86;1
60;87;1
60;88;1
60;89;1
60;90;1
60;91;2
60;92;2
60;93;2
60;94;2
60;95;2
60;96;4
60;97;30
60;98;30
60;99;30
60;100;30
61;0;1
61;1;1
61;2;1
61;3;1
61;4;1
61;5;1
61;6;1
61;7;1
61;8;1
61;9;1
61;10;1
61;11;1
61;12;1
61;13;1
61;14;1
61;15;1
61;16;1
61;17;1
61;18;1
61;19;1
61;20;1
61;21;1
61;22;1
61;23;1
61;24;1
61;25;1
61;26;1
61;27;1
61;28;1
61;29;1
61;30;1
61;31;1
61;32;1
61;33;1
61;34;1
61;35;1
61;36;1
61;37;1
61;38;1
61;39;1
61;40;1
61;41;1
61;42;1
61;43;1
61;44;1
61;45;1
61;46;1
61;47;1
61;48;1
61;49;1
61;50;1
61;51;1
61;52;1
61;53;1
61;54;1
61;55;1
61;56;1
61;57;1
61;58;1
61;59;1
61;60;1
61;61;1
61;62;1
61;63;1
61;64;1
61;65;1
61;66;1
61;67;1
61;68;1
61;69;1
61;70;1
61;71;1
61;72;1
61;73;1
61;74;1
61;75;1
61;76;1
61;77;1
61;78;1
61;79;1
61;80;1
61;81;1
61;82;1
61;83;1
61;84;1
61;85;1
61;86;1
61;87;1
61;88;1
61;89;1
61;90;1
61;91;2
61;92;2
61;93;2
61;94;2
61;95;2
61;96;4
61;97;30
61;98;30
61;99;30
61;100;30
62;0;1
62;1;1
62;2;1
62;3;1
62;4;1
62;5;1
62;6;1
62;7;1
62;8;1
62;9;1
62;10;1
62;11;1
62;12;1
62;13;1
62;14;1
62;15;1
62;16;1
62;17;1
62;18;1
62;19;1
62;20;1
62;21;1
62;22;1
62;23;1
62;24;1
62;25;1
62;26;1
62;27;1
62;28;1
62;29;1
62;30;1
62;31;1
62;32;1
62;33;1
62;34;1
62;35;1
62;36;1
62;37;1
62;38;1
62;39;1
62;40;1
62;41;1
62;42;1
62;43;1
62;44;1
62;45;1
62;46;1
62;47;1
62;48;1
62;49;1
62;50;1
62;51;1
62;52;1
62;53;1
62;54;1
62;55;1
62;56;1
62;57;1
62;58;1
62;59;1
62;60;1
62;61;1
62;62;1
62;63;1
62;64;1
62;65;1
62;66;1
62;67;1
62;68;1
62;69;1
62;70;1
62;71;1
62;72;1
62;73;1
62;74;1
62;75;1
62;76;1
62;77;1
62;78;1
62;79;1
62;80;1
62;81;1
62;82;1
62;83;1
62;84;1
62;85;1
62;86;1
62;87;1
62;88;1
62;89;1
62;90;1
62;91;2
62;92;2
62;93;2
62;94;2
62;95;2
62;96;4
62;97;30
62;98;30
62;99;30
62;100;30
63;0;1
63;1;1
63;2;1
63;3;1
63;4;1
63;5;1
63;6;1
63;7;1
63;8;1
63;9;1
63;10;1
63;11;1
63;12;1
63;13;1
63;14;1
63;15;1
63;16;1
63;17;1
63;18;1
63;19;1
63;20;1
63;21;1
63;22;1
63;23;1
63;24;1
63;25;1
63;26;1
63;27;1
63;28;1
63;29;1
63;30;1
63;31;1
63;32;1
63;33;1
63;34;1
63;35;1
63;36;1
63;37;1
63;38;1
63;39;1
63;40;1
63;41;1
63;42;1
63;43;1
63;44;1
63;45;1
63;46;1
63;47;1
63;48;1
63;49;1
63;50;1
63;51;1
63;52;1
63;53;1
63;54;1
63;55;1
63;56;1
63;57;1
63;58;1
63;59;1
63;60;1
63;61;1
63;62;1
63;63;1
63;64;1
63;65;1
63;66;1
63;67;1
63;68;1
63;69;1
63;70;1
63;71;1
63;72;1
63;73;1
63;74;1
63;75;1
63;76;1
63;77;1
63;78;1
63;79;1
63;80;1
63;81;1
63;82;1
63;83;1
63;84;1
63;85;1
63;86;1
63;87;1
63;88;1
63;89;1
63;90;1
63;91;2
63;92;2
63;93;2
63;94;2
63;95;2
63;96;4
63;97;30
63;98;30
63;99;30
63;100;30
64;0;1
64;1;1
64;2;1
64;3;1
64;4;1
64;5;1
64;6;1
64;7;1
64;8;1
64;9;1
64;10;1
64;11;1
64;12;1
64;13;1
64;14;1
64;15;1
64;16;1
64;17;1
64;18;1
64;19;1
64;20;1
64;21;1
64;22;1
64;23;1
64;24;1
64;25;1
64;26;1
64;27;1
64;28;1
64;29;1
64;30;1
64;31;1
64;32;1
64;33;1
64;34;1
64;35;1
64;36;1
64;37;1
64;38;1
64;39;1
64;40;1
64;41;1
64;42;1
64;43;1
64;44;1
64;45;1
64;46;1
64;47;1
64;48;1
64;49;1
64;50;1
64;51;1
64;52;1
64;53;1
64;54;1
64;55;1
64;56;1
64;57;1
64;58;1
64;59;1
64;60;1
64;61;1
64;62;1
64;63;1
64;64;1
64;65;1
64;66;1
64;67;1
64;68;1
64;69;1
64;70;1
64;71;1
64;72;1
64;73;1
64;74;1
64;75;1
64;76;1
64;77;1
64;78;1
64;79;1
64;80;1
64;81;1
64;82;1
64;83;1
64;84;1
64;85;1
64;86;1
64;87;1
64;88;1
64;89;1
64;90;1
64;91;2
64;92;2
64;93;2
64;94;2
64;95;2
64;96;4
64;97;30
64;98;30
64;99;30
64;100;30
65;0;1
65;1;1
65;2;1
65;3;1
65;4;1
65;5;1
65;6;1
65;7;1
65;8;1
65;9;1
65;10;1
65;11;1
65;12;1
65;13;1
65;14;1
65;15;1
65;16;1
65;17;1
65;18;1
65;19;1
65;20;1
65;21;1
65;22;1
65;23;1
65;24;1
65;25;1
65;26;1
65;27;1
65;28;1
65;29;1
65;30;1
65;31;1
65;32;1
65;33;1
65;34;1
65;35;1
65;36;1
65;37;1
65;38;1
65;39;1
65;40;1
65;41;1
65;42;1
65;43;1
65;44;1
65;45;1
65;46;1
65;47;1
65;48;1
65;49;1
65;50;1
65;51;1
65;52;1
65;53;1
65;54;1
65;55;1
65;56;1
65;57;1
65;58;1
65;59;1
65;60;1
65;61;1
65;62;1
65;63;1
65;64;1
65;65;1
65;66;1
65;67;1
65;68;1
65;69;1
65;70;1
65;71;1
65;72;1
65;73;1
65;74;1
65;75;1
65;76;1
65;77;1
65;78;1
65;79;1
65;80;1
65;81;1
65;82;1
65;83;1
65;84;1
65;85;1
65;86;1
65;87;1
65;88;1
65;89;1
65;90;1
65;91;2
65;92;2
65;93;2
65;94;2
65;95;2
65;96;30
65;97;30
65;98;30
65;99;30
65;100;30
66;0;1
66;1;1
66;2;1
66;3;1
66;4;1
66;5;1
66;6;1
66;7;1
66;8;1
66;9;1
66;10;1
66;11;1
66;12;1
66;13;1
66;14;1
66;15;1
66;16;1
66;17;1
66;18;1
66;19;1
66;20;1
66;21;1
66;22;1
66;23;1
66;24;1
66;25;1
66;26;1
66;27;1
66;28;1
66;29;1
66;30;1
66;31;1
66;32;1
66;33;1
66;34;1
66;35;1
66;36;1
66;37;1
66;38;1
66;39;1
66;40;1
66;41;1
66;42;1
66;43;1
66;44;1
66;45;1
66;46;1
66;47;1
66;48;1
66;49;1
66;50;1
66;51;1
66;52;1
66;53;1
66;54;1
66;55;1
66;56;1
66;57;1
66;58;1
66;59;1
66;60;1
66;61;1
66;62;1
66;63;1
66;64;1
66;65;1
66;66;1
66;67;1
66;68;1
66;69;1
66;70;1
66;71;1
66;72;1
66;73;1
66;74;1
66;75;1
66;76;1
66;77;1
66;78;1
66;79;1
66;80;1
66;81;1
66;82;1
66;83;1
66;84;1
66;85;1
66;86;1
66;87;1
66;88;1
66;89;1
66;90;1
66;91;2
66;92;2
66;93;2
66;94;2
66;95;2
66;96;30
66;97;30
66;98;30
66;99;30
66;100;30
67;0;1
67;1;1
67;2;1
67;3;1
67;4;1
67;5;1
67;6;1
67;7;1
67;8;1
67;9;1
67;10;1
67;11;1
67;12;1
67;13;1
67;14;1
67;15;1
67;16;1
67;17;1
67;18;1
67;19;1
67;20;1
67;21;1
67;22;1
67;23;1
67;24;1
67;25;1
67;26;1
67;27;1
67;28;1
67;29;1
67;30;1
67;31;1
67;32;1
67;33;1
67;34;1
67;35;1
67;36;1
67;37;1
67;38;1
67;39;1
67;40;1
67;41;1
67;42;1
67;43;1
67;44;1
67;45;1
67;46;1
67;47;1
67;48;1
67;49;1
67;50;1
67;51;1
67;52;1
67;53;1
67;54;1
67;55;1
67;56;1
67;57;1
67;58;1
67;59;1
67;60;1
67;61;1
67;62;1
67;63;1
67;64;1
67;65;1
67;66;1
67;67;1
67;68;1
67;69;1
67;70;1
67;71;1
67;72;1
67;73;1
67;74;1
67;75;1
67;76;1
67;77;1
67;78;1
67;79;1
67;80;1
67;81;1
67;82;1
67;83;1
67;84;1
67;85;1
67;86;1
67;87;1
67;88;1
67;89;1
67;90;1
67;91;2
67;92;2
67;93;2
67;94;1
67;95;1
67;96;30
67;97;30
67;98;30
67;99;30
67;100;30
68;0;1
68;1;1
68;2;1
68;3;1
68;4;1
68;5;1
68;6;1
68;7;1
68;8;1
68;9;1
68;10;1
68;11;1
68;12;1
68;13;1
68;14;1
68;15;1
68;16;1
68;17;1
68;18;1
68;19;1
68;20;1
68;21;1
68;22;1
68;23;1
68;24;1
68;25;1
68;26;1
68;27;1
68;28;1
68;29;1
68;30;1
68;31;1
68;32;1
68;33;1
68;34;1
68;35;1
68;36;1
68;37;1
68;38;1
68;39;1
68;40;1
68;41;1
68;42;1
68;43;1
68;44;1
68;45;1
68;46;1
68;47;1
68;48;1
68;49;1
68;50;1
68;51;1
68;52;1
68;53;1
68;54;1
68;55;1
68;56;1
68;57;1
68;58;1
68;59;1
68;60;1
68;61;1
68;62;1
68;63;1
68;64;1
68;65;1
68;66;1
68;67;1
68;68;1
68;69;1
68;70;1
68;71;1
68;72;1
68;73;1
68;74;1
68;75;1
68;76;1
68;77;1
68;78;1
68;79;1
68;80;1
68;81;1
68;82;1
68;83;4
68;84;1
68;85;1
68;86;1
68;87;1
68;88;1
68;89;1
68;90;1
68;91;2
68;92;2
68;93;2
68;94;1
68;95;1
68;96;30
68;97;30
68;98;30
68;99;30
68;100;30
69;0;1
69;1;1
69;2;1
69;3;1
69;4;1
69;5;1
69;6;1
69;7;1
69;8;1
69;9;1
69;10;1
69;11;1
69;12;1
69;13;1
69;14;1
69;15;1
69;16;1
69;17;1
69;18;1
69;19;1
69;20;1
69;21;1
69;22;1
69;23;1
69;24;1
69;25;1
69;26;1
69;27;1
69;28;1
69;29;1
69;30;1
69;31;1
69;32;1
69;33;1
69;34;1
69;35;1
69;36;1
69;37;1
69;38;1
69;39;1
69;40;1
69;41;1
69;42;1
69;43;1
69;44;1
69;45;1
69;46;1
69;47;1
69;48;1
69;49;1
69;50;1
69;51;1
69;52;1
69;53;1
69;54;1
69;55;1
69;56;1
69;57;1
69;58;1
69;59;1
69;60;1
69;61;1
69;62;1
69;63;1
69;64;1
69;65;1
69;66;1
69;67;1
69;68;1
69;69;1
69;70;1
69;71;1
69;72;1
69;73;1
69;74;1
69;75;1
69;76;1
69;77;1
69;78;1
69;79;1
69;80;1
69;81;1
69;82;1
69;83;1
69;84;1
69;85;1
69;86;1
69;87;1
69;88;1
69;89;1
69;90;1
69;91;2
69;92;2
69;93;2
69;94;1
69;95;1
69;96;30
69;97;30
69;98;30
69;99;30
69;100;30
70;0;1
70;1;1
70;2;1
70;3;1
70;4;1
70;5;1
70;6;1
70;7;1
70;8;1
70;9;1
70;10;1
70;11;1
70;12;1
70;13;1
70;14;1
70;15;1
70;16;1
70;17;1
70;18;1
70;19;1
70;20;1
70;21;1
70;22;1
70;23;1
70;24;1
70;25;1
70;26;1
70;27;1
70;28;1
70;29;1
70;30;1
70;31;1
70;32;1
70;33;1
70;34;1
70;35;1
70;36;1
70;37;1
70;38;1
70;39;1
70;40;1
70;41;1
70;42;1
70;43;1
70;44;1
70;45;1
70;46;1
70;47;1
70;48;1
70;49;1
70;50;1
70;51;1
70;52;1
70;53;1
70;54;1
70;55;1
70;56;1
70;57;1
70;58;1
70;59;1
70;60;1
70;61;1
70;62;1
70;63;1
70;64;1
70;65;1
70;66;1
70;67;1
70;68;1
70;69;1
70;70;1
70;71;1
70;72;1
70;73;1
70;74;1
70;75;1
70;76;1
70;77;1
70;78;1
70;79;1
70;80;1
70;81;1
70;82;1
70;83;1
70;84;1
70;85;1
70;86;1
70;87;1
70;88;1
70;89;1
70;90;1
70;91;2
70;92;2
70;93;2
70;94;1
70;95;1
70;96;30
70;97;30
70;98;30
70;99;30
70;100;30
71;0;1
71;1;1
71;2;1
71;3;1
71;4;1
71;5;1
71;6;1
71;7;1
71;8;1
71;9;1
71;10;1
71;11;1
71;12;1
71;13;1
71;14;1
71;15;1
71;16;1
71;17;1
71;18;1
71;19;1
71;20;1
71;21;1
71;22;1
71;23;1
71;24;1
71;25;1
71;26;1
71;27;1
71;28;1
71;29;1
71;30;1
71;31;1
71;32;1
71;33;1
71;34;1
71;35;1
71;36;1
71;37;1
71;38;1
71;39;1
71;40;1
71;41;1
71;42;1
71;43;1
71;44;1
71;45;1
71;46;1
71;47;1
71;48;1
71;49;1
71;50;1
71;51;1
71;52;1
71;53;1
71;54;1
71;55;1
71;56;1
71;57;1
71;58;1
71;59;1
71;60;1
71;61;1
71;62;1
71;63;1
71;64;1
71;65;1
71;66;1
71;67;1
71;68;1
71;69;1
71;70;1
71;71;1
71;72;1
71;73;1
71;74;1
71;75;1
71;76;1
71;77;1
71;78;1
71;79;1
71;80;1
71;81;1
71;82;1
71;83;1
71;84;1
71;85;1
71;86;1
71;87;1
71;88;1
71;89;1
71;90;1
71;91;2
71;92;2
71;93;2
71;94;1
71;95;1
71;96;30
71;97;30
71;98;30
71;99;30
71;100;30
72;0;1
72;1;1
72;2;1
72;3;1
72;4;1
72;5;1
72;6;1
72;7;1
72;8;1
72;9;1
72;10;1
72;11;1
72;12;1
72;13;1
72;14;1
72;15;1
72;16;1
72;17;1
72;18;1
72;19;1
72;20;1
72;21;1
72;22;1
72;23;1
72;24;1
72;25;1
72;26;1
72;27;1
72;28;1
72;29;1
72;30;1
72;31;1
72;32;1
72;33;1
72;34;1
72;35;1
72;36;1
72;37;1
72;38;1
72;39;1
72;40;1
72;41;1
72;42;1
72;43;1
72;44;1
72;45;1
72;46;1
72;47;1
72;48;1
72;49;1
72;50;1
72;51;1
72;52;1
72;53;1
72;54;1
72;55;1
72;56;1
72;57;1
72;58;1
72;59;1
72;60;1
72;61;1
72;62;1
72;63;1
72;64;1
72;65;1
72;66;1
72;67;1
72;68;1
72;69;1
72;70;1
72;71;1
72;72;1
72;73;1
72;74;1
72;75;1
72;76;1
72;77;1
72;78;1
72;79;1
72;80;1
72;81;1
72;82;1
72;83;1
72;84;1
72;85;1
72;86;1
72;87;1
72;88;1
72;89;1
72;90;1
72;91;2
72;92;2
72;93;2
72;94;1
72;95;1
72;96;30
72;97;30
72;98;30
72;99;30
72;100;30
73;0;1
73;1;1
73;2;1
73;3;1
73;4;1
73;5;1
73;6;1
73;7;1
73;8;1
73;9;1
73;10;1
73;11;1
73;12;1
73;13;1
73;14;1
73;15;1
73;16;1
73;17;1
73;18;1
73;19;1
73;20;1
73;21;1
73;22;1
73;23;1
73;24;1
73;25;1
73;26;1
73;27;1
73;28;1
73;29;1
73;30;1
73;31;1
73;32;1
73;33;1
73;34;1
73;35;1
73;36;1
73;37;1
73;38;1
73;39;1
73;40;1
73;41;1
73;42;1
73;43;1
73;44;1
73;45;1
73;46;1
73;47;1
73;48;1
73;49;1
73;50;1
73;51;1
73;52;1
73;53;1
73;54;1
73;55;1
73;56;1
73;57;1
73;58;1
73;59;1
73;60;1
73;61;1
73;62;1
73;63;1
73;64;1
73;65;1
73;66;1
73;67;1
73;68;1
73;69;1
73;70;1
73;71;1
73;72;1
73;73;1
73;74;1
73;75;1
73;76;1
73;77;1
73;78;1
73;79;1
73;80;1
73;81;1
73;82;1
73;83;1
73;84;1
73;85;1
73;86;1
73;87;1
73;88;1
73;89;1
73;90;1
73;91;2
73;92;2
73;93;2
73;94;1
73;95;1
73;96;30
73;97;30
73;98;30
73;99;30
73;100;30
74;0;1
74;1;1
74;2;1
74;3;1
74;4;1
74;5;1
74;6;1
74;7;1
74;8;1
74;9;1
74;10;1
74;11;1
74;12;1
74;13;1
74;14;1
74;15;1
74;16;1
74;17;1
74;18;1
74;19;1
74;20;1
74;21;1
74;22;1
74;23;1
74;24;1
74;25;1
74;26;1
74;27;1
74;28;1
74;29;1
74;30;1
74;31;1
74;32;1
74;33;1
74;34;1
74;35;1
74;36;1
74;37;1
74;38;1
74;39;1
74;40;1
74;41;1
74;42;1
74;43;1
74;44;1
74;45;1
74;46;1
74;47;1
74;48;1
74;49;1
74;50;1
74;51;1
74;52;1
74;53;1
74;54;1
74;55;1
74;56;1
74;57;1
74;58;1
74;59;1
74;60;1
74;61;1
74;62;1
74;63;1
74;64;1
74;65;1
74;66;1
74;67;1
74;68;1
74;69;1
74;70;1
74;71;1
74;72;1
74;73;1
74;74;1
74;75;1
74;76;1
74;77;1
74;78;1
74;79;1
74;80;1
74;81;1
74;82;1
74;83;1
74;84;1
74;85;1
74;86;1
74;87;1
74;88;1
74;89;1
74;90;1
74;91;2
74;92;2
74;93;2
74;94;1
74;95;1
74;96;30
74;97;30
74;98;30
74;99;30
74;100;30
75;0;1
75;1;1
75;2;1
75;3;1
75;4;1
75;5;1
75;6;1
75;7;1
75;8;1
75;9;1
75;10;1
75;11;1
75;12;1
75;13;1
75;14;1
75;15;1
75;16;1
75;17;1
75;18;1
75;19;1
75;20;1
75;21;1
75;22;1
75;23;1
75;24;1
75;25;1
75;26;1
75;27;1
75;28;1
75;29;1
75;30;1
75;31;1
75;32;1
75;33;1
75;34;1
75;35;1
75;36;1
75;37;1
75;38;1
75;39;1
75;40;1
75;41;1
75;42;1
75;43;1
75;44;1
75;45;1
75;46;1
75;47;1
75;48;1
75;49;1
75;50;1
75;51;1
75;52;1
75;53;1
75;54;1
75;55;1
75;56;1
75;57;1
75;58;1
75;59;1
75;60;1
75;61;1
75;62;1
75;63;1
75;64;1
75;65;1
75;66;1
75;67;1
75;68;1
75;69;1
75;70;1
75;71;1
75;72;1
75;73;1
75;74;1
75;75;1
75;76;1
75;77;1
75;78;1
75;79;1
75;80;1
75;81;1
75;82;1
75;83;1
75;84;1
75;85;1
75;86;1
75;87;1
75;88;1
75;89;1
75;90;1
75;91;2
75;92;2
75;93;1
75;94;1
75;95;1
75;96;30
75;97;30
75;98;30
75;99;30
75;100;30
76;0;1
76;1;1
76;2;1
76;3;1
76;4;1
76;5;1
76;6;1
76;7;1
76;8;1
76;9;1
76;10;1
76;11;1
76;12;1
76;13;1
76;14;1
76;15;1
76;16;1
76;17;1
76;18;1
76;19;1
76;20;1
76;21;1
76;22;1
76;23;1
76;24;1
76;25;1
76;26;1
76;27;1
76;28;1
76;29;1
76;30;1
76;31;1
76;32;1
76;33;1
76;34;1
76;35;1
76;36;1
76;37;1
76;38;1
76;39;1
76;40;1
76;41;1
76;42;1
76;43;1
76;44;1
76;45;1
76;46;1
76;47;1
76;48;1
76;49;1
76;50;1
76;51;1
76;52;1
76;53;1
76;54;1
76;55;1
76;56;1
76;57;1
76;58;1
76;59;1
76;60;1
76;61;1
76;62;1
76;63;1
76;64;1
76;65;1
76;66;1
76;67;1
76;68;1
76;69;1
76;70;1
76;71;1
76;72;1
76;73;1
76;74;1
76;75;1
76;76;1
76;77;1
76;78;1
76;79;1
76;80;1
76;81;1
76;82;1
76;83;1
76;84;1
76;85;1
76;86;1
76;87;1
76;88;1
76;89;1
76;90;1
76;91;2
76;92;1
76;93;1
76;94;1
76;95;1
76;96;30
76;97;30
76;98;30
76;99;30
76;100;30
77;0;1
77;1;1
77;2;1
77;3;1
77;4;1
77;5;1
77;6;1
77;7;1
77;8;1
77;9;1
77;10;1
77;11;1
77;12;1
77;13;1
77;14;1
77;15;1
77;16;1
77;17;1
77;18;1
77;19;1
77;20;1
77;21;1
77;22;1
77;23;1
77;24;1
77;25;1
77;26;1
77;27;1
77;28;1
77;29;1
77;30;1
77;31;1
77;32;1
77;33;1
77;34;1
77;35;1
77;36;1
77;37;1
77;38;1
77;39;1
77;40;1
77;41;1
77;42;1
77;43;1
77;44;1
77;45;1
77;46;1
77;47;1
77;48;1
77;49;1
77;50;1
77;51;1
77;52;1
77;53;1
77;54;1
77;55;1
77;56;1
77;57;1
77;58;1
77;59;1
77;60;1
77;61;1
77;62;1
77;63;1
77;64;1
77;65;1
77;66;1
77;67;1
77;68;1
77;69;1
77;70;1
77;71;1
77;72;1
77;73;1
77;74;1
77;75;1
77;76;1
77;77;1
77;78;1
77;79;1
77;80;1
77;81;1
77;82;1
77;83;1
77;84;1
77;85;1
77;86;1
77;87;1
77;88;1
77;89;1
77;90;1
77;91;2
77;92;1
77;93;1
77;94;1
77;95;1
77;96;30
77;97;30
77;98;30
77;99;30
77;100;30
78;0;1
78;1;1
78;2;1
78;3;1
78;4;1
78;5;1
78;6;1
78;7;1
78;8;1
78;9;1
78;10;1
78;11;1
78;12;1
78;13;1
78;14;1
78;15;1
78;16;1
78;17;1
78;18;1
78;19;1
78;20;1
78;21;1
78;22;1
78;23;1
78;24;1
78;25;1
78;26;1
78;27;1
78;28;1
78;29;1
78;30;1
78;31;1
78;32;1
78;33;1
78;34;1
78;35;1
78;36;1
78;37;1
78;38;1
78;39;1
78;40;1
78;41;1
78;42;1
78;43;1
78;44;1
78;45;1
78;46;1
78;47;1
78;48;1
78;49;1
78;50;1
78;51;1
78;52;1
78;53;1
78;54;1
78;55;1
78;56;1
78;57;1
78;58;1
78;59;1
78;60;1
78;61;1
78;62;1
78;63;1
78;64;1
78;65;1
78;66;1
78;67;1
78;68;1
78;69;1
78;70;1
78;71;1
78;72;1
78;73;1
78;74;1
78;75;1
78;76;1
78;77;1
78;78;1
78;79;1
78;80;1
78;81;1
78;82;1
78;83;1
78;84;1
78;85;1
78;86;1
78;87;1
78;88;1
78;89;1
78;90;1
78;91;2
78;92;1
78;93;1
78;94;1
78;95;1
78;96;30
78;97;30
78;98;30
78;99;30
78;100;30
79;0;1
79;1;1
79;2;1
79;3;1
79;4;1
79;5;1
79;6;1
79;7;1
79;8;1
79;9;1
79;10;1
79;11;1
79;12;1
79;13;1
79;14;1
79;15;1
79;16;1
79;17;1
79;18;1
79;19;1
79;20;1
79;21;1
79;22;1
79;23;1
79;24;1
79;25;1
79;26;1
79;27;1
79;28;1
79;29;1
79;30;1
79;31;1
79;32;1
79;33;1
79;34;1
79;35;1
79;36;1
79;37;1
79;38;1
79;39;1
79;40;1
79;41;1
79;42;1
79;43;1
79;44;1
79;45;1
79;46;1
79;47;1
79;48;1
79;49;1
79;50;1
79;51;1
79;52;1
79;53;1
79;54;1
79;55;1
79;56;1
79;57;1
79;58;1
79;59;1
79;60;1
79;61;1
79;62;1
79;63;1
79;64;1
79;65;1
79;66;1
79;67;1
79;68;1
79;69;1
79;70;1
79;71;1
79;72;1
79;73;1
79;74;1
79;75;1
79;76;1
79;77;1
79;78;1
79;79;1
79;80;1
79;81;1
79;82;1
79;83;1
79;84;1
79;85;1
79;86;1
79;87;1
79;88;1
79;89;1
79;90;1
79;91;2
79;92;1
79;93;1
79;94;1
79;95;1
79;96;30
79;97;30
79;98;30
79;99;30
79;100;30
80;0;1
80;1;1
80;2;1
80;3;1
80;4;1
80;5;1
80;6;1
80;7;1
80;8;1
80;9;1
80;10;1
80;11;1
80;12;1
80;13;1
80;14;1
80;15;1
80;16;1
80;17;1
80;18;1
80;19;1
80;20;1
80;21;1
80;22;1
80;23;1
80;24;1
80;25;1
80;26;1
80;27;1
80;28;1
80;29;1
80;30;1
80;31;1
80;32;1
80;33;1
80;34;1
80;35;1
80;36;1
80;37;1
80;38;1
80;39;1
80;40;1
80;41;1
80;42;1
80;43;1
80;44;1
80;45;1
80;46;1
80;47;1
80;48;1
80;49;1
80;50;1
80;51;1
80;52;1
80;53;1
80;54;1
80;55;1
80;56;1
80;57;1
80;58;1
80;59;1
80;60;1
80;61;1
80;62;1
80;63;1
80;64;1
80;65;1
80;66;1
80;67;1
80;68;1
80;69;1
80;70;1
80;71;1
80;72;1
80;73;1
80;74;1
80;75;1
80;76;1
80;77;1
80;78;1
80;79;1
80;80;1
80;81;1
80;82;1
80;83;1
80;84;1
80;85;1
80;86;1
80;87;1
80;88;1
80;89;1
80;90;1
80;91;2
80;92;1
80;93;1
80;94;1
80;95;1
80;96;30
80;97;30
80;98;30
80;99;30
80;100;30
81;0;1
81;1;1
81;2;1
81;3;1
81;4;1
81;5;1
81;6;1
81;7;1
81;8;1
81;9;1
81;10;1
81;11;1
81;12;1
81;13;1
81;14;1
81;15;1
81;16;1
81;17;1
81;18;1
81;19;1
81;20;1
81;21;1
81;22;1
81;23;1
81;24;1
81;25;1
81;26;1
81;27;1
81;28;1
81;29;1
81;30;1
81;31;1
81;32;1
81;33;1
81;34;1
81;35;1
81;36;1
81;37;1
81;38;1
81;39;1
81;40;1
81;41;1
81;42;1
81;43;1
81;44;1
81;45;1
81;46;1
81;47;1
81;48;1
81;49;1
81;50;1
81;51;1
81;52;1
81;53;1
81;54;1
81;55;1
81;56;1
81;57;1
81;58;1
81;59;1
81;60;1
81;61;1
81;62;1
81;63;1
81;64;1
81;65;1
81;66;1
81;67;1
81;68;1
81;69;1
81;70;1
81;71;1
81;72;1
81;73;1
81;74;1
81;75;1
81;76;1
81;77;1
81;78;1
81;79;1
81;80;1
81;81;1
81;82;1
81;83;1
81;84;1
81;85;1
81;86;1
81;87;1
81;88;1
81;89;1
81;90;1
81;91;2
81;92;1
81;93;1
81;94;1
81;95;1
81;96;30
81;97;30
81;98;30
81;99;30
81;100;30
82;0;1
82;1;1
82;2;1
82;3;1
82;4;1
82;5;1
82;6;1
82;7;1
82;8;1
82;9;1
82;10;1
82;11;1
82;12;1
82;13;1
82;14;1
82;15;1
82;16;1
82;17;1
82;18;1
82;19;1
82;20;1
82;21;1
82;22;1
82;23;1
82;24;1
82;25;1
82;26;1
82;27;1
82;28;1
82;29;1
82;30;1
82;31;1
82;32;1
82;33;1
82;34;1
82;35;1
82;36;1
82;37;1
82;38;1
82;39;1
82;40;1
82;41;1
82;42;1
82;43;1
82;44;1
82;45;1
82;46;1
82;47;1
82;48;1
82;49;1
82;50;1
82;51;1
82;52;1
82;53;1
82;54;1
82;55;1
82;56;1
82;57;1
82;58;1
82;59;1
82;60;1
82;61;1
82;62;1
82;63;1
82;64;1
82;65;1
82;66;1
82;67;1
82;68;1
82;69;1
82;70;1
82;71;1
82;72;1
82;73;1
82;74;1
82;75;1
82;76;1
82;77;1
82;78;1
82;79;1
82;80;1
82;81;1
82;82;1
82;83;1
82;84;1
82;85;1
82;86;1
82;87;1
82;88;1
82;89;1
82;90;1
82;91;2
82;92;1
82;93;1
82;94;1
82;95;1
82;96;30
82;97;30
82;98;30
82;99;30
82;100;30
83;0;1
83;1;1
83;2;1
83;3;1
83;4;1
83;5;1
83;6;1
83;7;1
83;8;1
83;9;1
83;10;1
83;11;1
83;12;1
83;13;1
83;14;1
83;15;1
83;16;1
83;17;1
83;18;1
83;19;1
83;20;1
83;21;1
83;22;1
83;23;1
83;24;1
83;25;1
83;26;1
83;27;1
83;28;1
83;29;1
83;30;1
83;31;1
83;32;1
83;33;1
83;34;1
83;35;1
83;36;1
83;37;1
83;38;1
83;39;1
83;40;1
83;41;1
83;42;1
83;43;1
83;44;1
83;45;1
83;46;1
83;47;1
83;48;1
83;49;1
83;50;1
83;51;1
83;52;1
83;53;1
83;54;1
83;55;1
83;56;1
83;57;1
83;58;1
83;59;1
83;60;1
83;61;1
83;62;1
83;63;1
83;64;1
83;65;1
83;66;1
83;67;1
83;68;1
83;69;1
83;70;1
83;71;1
83;72;1
83;73;1
83;74;1
83;75;1
83;76;1
83;77;1
83;78;1
83;79;1
83;80;1
83;81;1
83;82;1
83;83;1
83;84;1
83;85;1
83;86;1
83;87;1
83;88;1
83;89;1
83;90;1
83;91;2
83;92;1
83;93;1
83;94;1
83;95;1
83;96;30
83;97;30
83;98;30
83;99;30
83;100;30
84;0;1
84;1;1
84;2;1
84;3;1
84;4;1
84;5;1
84;6;1
84;7;1
84;8;1
84;9;1
84;10;1
84;11;1
84;12;1
84;13;1
84;14;1
84;15;1
84;16;1
84;17;1
84;18;1
84;19;1
84;20;1
84;21;1
84;22;1
84;23;1
84;24;1
84;25;1
84;26;1
84;27;1
84;28;1
84;29;1
84;30;1
84;31;1
84;32;1
84;33;1
84;34;1
84;35;1
84;36;1
84;37;1
84;38;1
84;39;1
84;40;1
84;41;1
84;42;1
84;43;1
84;44;1
84;45;1
84;46;1
84;47;1
84;48;1
84;49;1
84;50;1
84;51;1
84;52;1
84;53;1
84;54;1
84;55;1
84;56;1
84;57;1
84;58;1
84;59;1
84;60;1
84;61;1
84;62;1
84;63;1
84;64;1
84;65;1
84;66;1
84;67;1
84;68;1
84;69;1
84;70;1
84;71;1
84;72;1
84;73;1
84;74;1
84;75;1
84;76;1
84;77;1
84;78;1
84;79;1
84;80;1
84;81;1
84;82;1
84;83;1
84;84;1
84;85;1
84;86;1
84;87;1
84;88;1
84;89;1
84;90;1
84;91;2
84;92;1
84;93;1
84;94;1
84;95;1
84;96;30
84;97;30
84;98;30
84;99;30
84;100;30
85;0;1
85;1;1
85;2;1
85;3;1
85;4;1
85;5;1
85;6;1
85;7;1
85;8;1
85;9;1
85;10;1
85;11;1
85;12;1
85;13;1
85;14;1
85;15;1
85;16;1
85;17;1
85;18;1
85;19;1
85;20;1
85;21;1
85;22;1
85;23;1
85;24;1
85;25;1
85;26;1
85;27;1
85;28;1
85;29;1
85;30;1
85;31;1
85;32;1
85;33;1
85;34;1
85;35;1
85;36;1
85;37;1
85;38;1
85;39;1
85;40;1
85;41;1
85;42;1
85;43;1
85;44;1
85;45;1
85;46;1
85;47;1
85;48;1
85;49;1
85;50;1
85;51;1
85;52;1
85;53;1
85;54;1
85;55;1
85;56;1
85;57;1
85;58;1
85;59;1
85;60;1
85;61;1
85;62;1
85;63;1
85;64;1
85;65;1
85;66;1
85;67;1
85;68;1
85;69;1
85;70;1
85;71;4
85;72;1
85;73;1
85;74;1
85;75;1
85;76;1
85;77;1
85;78;1
85;79;1
85;80;1
85;81;1
85;82;1
85;83;1
85;84;1
85;85;1
85;86;1
85;87;1
85;88;1
85;89;1
85;90;1
85;91;1
85;92;1
85;93;1
85;94;1
85;95;1
85;96;30
85;97;30
85;98;30
85;99;30
85;100;30
86;0;1
86;1;1
86;2;1
86;3;1
86;4;1
86;5;1
86;6;1
86;7;1
86;8;1
86;9;1
86;10;1
86;11;1
86;12;1
86;13;1
86;14;1
86;15;1
86;16;1
86;17;1
86;18;1
86;19;1
86;20;1
86;21;1
86;22;1
86;23;1
86;24;1
86;25;1
86;26;1
86;27;1
86;28;1
86;29;1
86;30;1
86;31;1
86;32;1
86;33;1
86;34;1
86;35;1
86;36;1
86;37;1
86;38;1
86;39;1
86;40;1
86;41;1
86;42;1
86;43;1
86;44;1
86;45;1
86;46;1
86;47;1
86;48;1
86;49;1
86;50;1
86;51;1
86;52;1
86;53;1
86;54;1
86;55;1
86;56;1
86;57;1
86;58;1
86;59;1
86;60;1
86;61;1
86;62;1
86;63;1
86;64;1
86;65;1
86;66;1
86;67;1
86;68;1
86;69;1
86;70;1
86;71;1
86;72;1
86;73;1
86;74;1
86;75;1
86;76;1
86;77;1
86;78;1
86;79;1
86;80;1
86;81;1
86;82;1
86;83;1
86;84;1
86;85;1
86;86;1
86;87;1
86;88;1
86;89;1
86;90;1
86;91;1
86;92;1
86;93;1
86;94;1
86;95;1
86;96;30
86;97;30
86;98;30
86;99;30
86;100;30
87;0;1
87;1;1
87;2;1
87;3;1
87;4;1
87;5;1
87;6;1
87;7;1
87;8;1
87;9;1
87;10;1
87;11;1
87;12;1
87;13;1
87;14;1
87;15;1
87;16;1
87;17;1
87;18;1
87;19;1
87;20;1
87;21;1
87;22;1
87;23;1
87;24;1
87;25;1
87;26;1
87;27;1
87;28;1
87;29;1
87;30;1
87;31;1
87;32;1
87;33;1
87;34;1
87;35;1
87;36;1
87;37;1
87;38;1
87;39;1
87;40;1
87;41;1
87;42;1
87;43;1
87;44;1
87;45;1
87;46;1
87;47;1
87;48;1
87;49;1
87;50;1
87;51;1
87;52;1
87;53;1
87;54;1
87;55;1
87;56;1
87;57;1
87;58;1
87;59;1
87;60;1
87;61;1
87;62;1
87;63;1
87;64;1
87;65;1
87;66;1
87;67;1
87;68;1
87;69;1
87;70;1
87;71;1
87;72;1
87;73;1
87;74;1
87;75;1
87;76;1
87;77;1
87;78;1
87;79;1
87;80;1
87;81;1
87;82;1
87;83;1
87;84;1
87;85;1
87;86;1
87;87;1
87;88;1
87;89;1
87;90;1
87;91;1
87;92;1
87;93;1
87;94;1
87;95;1
87;96;30
87;97;30
87;98;30
87;99;30
87;100;30
88;0;1
88;1;1
88;2;1
88;3;1
88;4;1
88;5;1
88;6;1
88;7;1
88;8;1
88;9;1
88;10;1
88;11;1
88;12;1
88;13;1
88;14;1
88;15;1
88;16;1
88;17;1
88;18;1
88;19;1
88;20;1
88;21;1
88;22;1
88;23;1
88;24;1
88;25;1
88;26;1
88;27;1
88;28;1
88;29;1
88;30;1
88;31;1
88;32;1
88;33;1
88;34;1
88;35;1
88;36;1
88;37;1
88;38;1
88;39;1
88;40;1
88;41;1
88;42;1
88;43;1
88;44;1
88;45;1
88;46;1
88;47;1
88;48;1
88;49;1
88;50;1
88;51;1
88;52;1
88;53;1
88;54;1
88;55;1
88;56;1
88;57;1
88;58;1
88;59;1
88;60;1
88;61;1
88;62;1
88;63;1
88;64;1
88;65;1
88;66;1
88;67;1
88;68;1
88;69;1
88;70;1
88;71;1
88;72;1
88;73;1
88;74;1
88;75;1
88;76;1
88;77;1
88;78;2
88;79;1
88;80;1
88;81;1
88;82;1
88;83;1
88;84;1
88;85;1
88;86;1
88;87;1
88;88;1
88;89;1
88;90;1
88;91;1
88;92;1
88;93;1
88;94;1
88;95;1
88;96;30
88;97;30
88;98;30
88;99;30
88;100;30
89;0;1
89;1;1
89;2;1
89;3;1
89;4;1
89;5;1
89;6;1
89;7;1
89;8;1
89;9;1
89;10;1
89;11;1
89;12;1
89;13;1
89;14;1
89;15;1
89;16;1
89;17;1
89;18;1
89;19;1
89;20;1
89;21;1
89;22;1
89;23;1
89;24;1
89;25;1
89;26;1
89;27;1
89;28;1
89;29;1
89;30;1
89;31;1
89;32;1
89;33;1
89;34;1
89;35;1
89;36;1
89;37;1
89;38;1
89;39;1
89;40;1
89;41;1
89;42;1
89;43;1
89;44;1
89;45;1
89;46;1
89;47;1
89;48;1
89;49;1
89;50;1
89;51;1
89;52;1
89;53;1
89;54;1
89;55;1
89;56;1
89;57;1
89;58;1
89;59;1
89;60;1
89;61;1
89;62;1
89;63;1
89;64;1
89;65;1
89;66;1
89;67;1
89;68;1
89;69;1
89;70;1
89;71;1
89;72;1
89;73;1
89;74;1
89;75;1
89;76;1
89;77;1
89;78;1
89;79;1
89;80;1
89;81;1
89;82;1
89;83;1
89;84;1
89;85;1
89;86;1
89;87;1
89;88;1
89;89;1
89;90;1
89;91;1
89;92;1
89;93;1
89;94;1
89;95;1
89;96;30
89;97;30
89;98;30
89;99;30
89;100;30
90;0;1
90;1;1
90;2;1
90;3;1
90;4;1
90;5;1
90;6;1
90;7;1
90;8;1
90;9;1
90;10;1
90;11;1
90;12;1
90;13;1
90;14;1
90;15;1
90;16;1
90;17;1
90;18;1
90;19;1
90;20;1
90;21;1
90;22;1
90;23;1
90;24;1
90;25;1
90;26;1
90;27;1
90;28;1
90;29;1
90;30;1
90;31;1
90;32;1
90;33;1
90;34;1
90;35;1
90;36;1
90;37;1
90;38;1
90;39;1
90;40;1
90;41;1
90;42;1
90;43;1
90;44;1
90;45;1
90;46;1
90;47;1
90;48;1
90;49;1
90;50;1
90;51;1
90;52;1
90;53;1
90;54;1
90;55;1
90;56;1
90;57;1
90;58;1
90;59;1
90;60;1
90;61;1
90;62;1
90;63;1
90;64;1
90;65;1
90;66;1
90;67;1
90;68;1
90;69;1
90;70;1
90;71;1
90;72;1
90;73;1
90;74;1
90;75;1
90;76;1
90;77;1
90;78;1
90;79;1
90;80;1
90;81;1
90;82;1
90;83;1
90;84;1
90;85;1
90;86;1
90;87;1
90;88;1
90;89;1
90;90;1
90;91;1
90;92;1
90;93;1
90;94;1
90;95;1
90;96;30
90;97;30
90;98;30
90;99;30
90;100;30
91;0;1
91;1;1
91;2;1
91;3;1
91;4;1
91;5;1
91;6;1
91;7;1
91;8;1
91;9;1
91;10;1
91;11;1
91;12;1
91;13;1
91;14;1
91;15;1
91;16;1
91;17;1
91;18;1
91;19;1
91;20;1
91;21;1
91;22;1
91;23;1
91;24;1
91;25;1
91;26;1
91;27;1
91;28;1
91;29;1
91;30;1
91;31;1
91;32;1
91;33;1
91;34;1
91;35;1
91;36;1
91;37;1
91;38;1
91;39;1
91;40;1
91;41;1
91;42;1
91;43;1
91;44;1
91;45;1
91;46;1
91;47;1
91;48;1
91;49;1
91;50;1
91;51;1
91;52;1
91;53;1
91;54;1
91;55;1
91;56;1
91;57;1
91;58;1
91;59;1
91;60;1
91;61;1
91;62;1
91;63;1
91;64;1
91;65;1
91;66;1
91;67;1
91;68;1
91;69;1
91;70;1
91;71;1
91;72;1
91;73;1
91;74;1
91;75;1
91;76;1
91;77;1
91;78;1
91;79;1
91;80;1
91;81;1
91;82;1
91;83;1
91;84;1
91;85;1
91;86;1
91;87;1
91;88;1
91;89;1
91;90;1
91;91;1
91;92;1
91;93;1
91;94;1
91;95;1
91;96;30
91;97;30
91;98;30
91;99;30
91;100;30
92;0;1
92;1;1
92;2;1
92;3;1
92;4;1
92;5;1
92;6;1
92;7;1
92;8;1
92;9;1
92;10;1
92;11;1
92;12;1
92;13;1
92;14;1
92;15;1
92;16;1
92;17;1
92;18;1
92;19;1
92;20;1
92;21;1
92;22;1
92;23;1
92;24;1
92;25;1
92;26;1
92;27;1
92;28;1
92;29;1
92;30;1
92;31;1
92;32;1
92;33;1
92;34;1
92;35;1
92;36;1
92;37;1
92;38;1
92;39;1
92;40;1
92;41;1
92;42;1
92;43;1
92;44;1
92;45;1
92;46;1
92;47;1
92;48;1
92;49;1
92;50;1
92;51;1
92;52;1
92;53;1
92;54;1
92;55;1
92;56;1
92;57;1
92;58;1
92;59;1
92;60;1
92;61;1
92;62;1
92;63;1
92;64;1
92;65;1
92;66;1
92;67;1
92;68;1
92;69;1
92;70;1
92;71;1
92;72;1
92;73;1
92;74;1
92;75;1
92;76;1
92;77;1
92;78;1
92;79;1
92;80;1
92;81;1
92;82;1
92;83;1
92;84;1
92;85;1
92;86;1
92;87;1
92;88;1
92;89;1
92;90;1
92;91;1
92;92;1
92;93;1
92;94;1
92;95;1
92;96;30
92;97;30
92;98;30
92;99;30
92;100;30
93;0;1
93;1;1
93;2;1
93;3;1
93;4;1
93;5;1
93;6;1
93;7;1
93;8;1
93;9;1
93;10;1
93;11;1
93;12;1
93;13;1
93;14;1
93;15;1
93;16;1
93;17;1
93;18;1
93;19;1
93;20;1
93;21;1
93;22;1
93;23;1
93;24;1
93;25;1
93;26;1
93;27;1
93;28;1
93;29;1
93;30;1
93;31;1
93;32;1
93;33;1
93;34;1
93;35;1
93;36;1
93;37;1
93;38;1
93;39;1
93;40;1
93;41;1
93;42;1
93;43;1
93;44;1
93;45;1
93;46;1
93;47;1
93;48;1
93;49;1
93;50;1
93;51;1
93;52;1
93;53;1
93;54;1
93;55;1
93;56;1
93;57;1
93;58;1
93;59;1
93;60;1
93;61;1
93;62;1
93;63;1
93;64;1
93;65;1
93;66;1
93;67;1
93;68;1
93;69;1
93;70;1
93;71;1
93;72;1
93;73;1
93;74;1
93;75;1
93;76;1
93;77;1
93;78;1
93;79;1
93;80;1
93;81;1
93;82;1
93;83;1
93;84;1
93;85;1
93;86;1
93;87;1
93;88;1
93;89;1
93;90;1
93;91;1
93;92;1
93;93;1
93;94;1
93;95;1
93;96;30
93;97;30
93;98;30
93;99;30
93;100;30
94;0;1
94;1;1
94;2;1
94;3;1
94;4;1
94;5;1
94;6;1
94;7;1
94;8;1
94;9;1
94;10;1
94;11;1
94;12;1
94;13;1
94;14;1
94;15;1
94;16;1
94;17;1
94;18;1
94;19;1
94;20;1
94;21;1
94;22;1
94;23;1
94;24;1
94;25;1
94;26;1
94;27;1
94;28;1
94;29;1
94;30;1
94;31;1
94;32;1
94;33;1
94;34;1
94;35;1
94;36;1
94;37;1
94;38;1
94;39;1
94;40;1
94;41;1
94;42;1
94;43;1
94;44;1
94;45;1
94;46;1
94;47;1
94;48;1
94;49;1
94;50;1
94;51;1
94;52;1
94;53;1
94;54;1
94;55;1
94;56;1
94;57;1
94;58;1
94;59;1
94;60;1
94;61;1
94;62;1
94;63;1
94;64;1
94;65;1
94;66;1
94;67;1
94;68;1
94;69;1
94;70;1
94;71;1
94;72;1
94;73;1
94;74;1
94;75;1
94;76;1
94;77;1
94;78;1
94;79;1
94;80;1
94;81;1
94;82;1
94;83;1
94;84;1
94;85;1
94;86;1
94;87;1
94;88;1
94;89;1
94;90;1
94;91;1
94;92;1
94;93;1
94;94;1
94;95;1
94;96;30
94;97;30
94;98;30
94;99;30
94;100;30
95;0;1
95;1;1
95;2;1
95;3;1
95;4;1
95;5;1
95;6;1
95;7;1
95;8;1
95;9;1
95;10;1
95;11;1
95;12;1
95;13;1
95;14;1
95;15;1
95;16;1
95;17;1
95;18;1
95;19;1
95;20;1
95;21;1
95;22;1
95;23;1
95;24;1
95;25;1
95;26;1
95;27;1
95;28;1
95;29;1
95;30;1
95;31;1
95;32;1
95;33;1
95;34;1
95;35;1
95;36;1
95;37;1
95;38;1
95;39;1
95;40;1
95;41;1
95;42;1
95;43;1
95;44;1
95;45;1
95;46;1
95;47;1
95;48;1
95;49;1
95;50;1
95;51;1
95;52;1
95;53;1
95;54;1
95;55;1
95;56;1
95;57;1
95;58;1
95;59;1
95;60;1
95;61;1
95;62;1
95;63;1
95;64;1
95;65;1
95;66;1
95;67;1
95;68;1
95;69;1
95;70;1
95;71;1
95;72;1
95;73;1
95;74;1
95;75;1
95;76;1
95;77;1
95;78;1
95;79;1
95;80;1
95;81;1
95;82;1
95;83;1
95;84;1
95;85;1
95;86;1
95;87;1
95;88;1
95;89;1
95;90;1
95;91;1
95;92;1
95;93;1
95;94;1
95;95;1
95;96;30
95;97;30
95;98;30
95;99;30
95;100;30
96;0;1
96;1;1
96;2;1
96;3;1
96;4;1
96;5;1
96;6;1
96;7;1
96;8;1
96;9;1
96;10;1
96;11;1
96;12;1
96;13;1
96;14;1
96;15;1
96;16;1
96;17;1
96;18;1
96;19;1
96;20;1
96;21;1
96;22;1
96;23;1
96;24;1
96;25;1
96;26;1
96;27;1
96;28;1
96;29;1
96;30;1
96;31;1
96;32;1
96;33;1
96;34;1
96;35;1
96;36;1
96;37;1
96;38;1
96;39;1
96;40;1
96;41;1
96;42;1
96;43;1
96;44;1
96;45;1
96;46;1
96;47;1
96;48;1
96;49;1
96;50;1
96;51;1
96;52;1
96;53;1
96;54;1
96;55;1
96;56;1
96;57;1
96;58;1
96;59;1
96;60;1
96;61;1
96;62;1
96;63;1
96;64;1
96;65;1
96;66;1
96;67;1
96;68;1
96;69;1
96;70;1
96;71;1
96;72;1
96;73;1
96;74;1
96;75;1
96;76;1
96;77;1
96;78;1
96;79;1
96;80;1
96;81;1
96;82;1
96;83;1
96;84;1
96;85;1
96;86;1
96;87;1
96;88;1
96;89;1
96;90;1
96;91;1
96;92;1
96;93;1
96;94;1
96;95;1
96;96;30
96;97;30
96;98;30
96;99;30
96;100;30
97;0;1
97;1;1
97;2;1
97;3;1
97;4;1
97;5;1
97;6;1
97;7;1
97;8;1
97;9;1
97;10;1
97;11;1
97;12;1
97;13;1
97;14;1
97;15;1
97;16;1
97;17;1
97;18;1
97;19;1
97;20;1
97;21;1
97;22;1
97;23;1
97;24;1
97;25;1
97;26;1
97;27;1
97;28;1
97;29;1
97;30;1
97;31;1
97;32;1
97;33;1
97;34;1
97;35;1
97;36;1
97;37;1
97;38;1
97;39;1
97;40;1
97;41;1
97;42;1
97;43;1
97;44;1
97;45;1
97;46;1
97;47;1
97;48;1
97;49;1
97;50;1
97;51;1
97;52;1
97;53;1
97;54;1
97;55;1
97;56;1
97;57;1
97;58;1
97;59;1
97;60;1
97;61;1
97;62;1
97;63;1
97;64;1
97;65;1
97;66;1
97;67;1
97;68;1
97;69;1
97;70;1
97;71;1
97;72;1
97;73;1
97;74;1
97;75;1
97;76;1
97;77;1
97;78;1
97;79;1
97;80;1
97;81;1
97;82;1
97;83;1
97;84;1
97;85;1
97;86;1
97;87;1
97;88;1
97;89;1
97;90;1
97;91;1
97;92;1
97;93;1
97;94;1
97;95;1
97;96;30
97;97;30
97;98;30
97;99;30
97;100;30
98;0;1
98;1;1
98;2;1
98;3;1
98;4;1
98;5;1
98;6;1
98;7;1
98;8;1
98;9;1
98;10;1
98;11;1
98;12;1
98;13;1
98;14;1
98;15;1
98;16;1
98;17;1
98;18;1
98;19;1
98;20;1
98;21;1
98;22;1
98;23;1
98;24;1
98;25;1
98;26;1
98;27;1
98;28;1
98;29;1
98;30;1
98;31;1
98;32;1
98;33;1
98;34;1
98;35;1
98;36;1
98;37;1
98;38;1
98;39;1
98;40;1
98;41;1
98;42;1
98;43;1
98;44;1
98;45;1
98;46;1
98;47;1
98;48;1
98;49;1
98;50;1
98;51;1
98;52;1
98;53;1
98;54;1
98;55;1
98;56;1
98;57;1
98;58;1
98;59;1
98;60;1
98;61;1
98;62;1
98;63;1
98;64;1
98;65;1
98;66;1
98;67;1
98;68;1
98;69;1
98;70;1
98;71;1
98;72;1
98;73;1
98;74;1
98;75;1
98;76;1
98;77;1
98;78;1
98;79;1
98;80;1
98;81;1
98;82;1
98;83;1
98;84;1
98;85;1
98;86;1
98;87;1
98;88;1
98;89;1
98;90;1
98;91;1
98;92;1
98;93;1
98;94;1
98;95;1
98;96;30
98;97;30
98;98;30
98;99;30
98;100;30
99;0;1
99;1;1
99;2;1
99;3;1
99;4;1
99;5;1
99;6;1
99;7;1
99;8;1
99;9;1
99;10;1
99;11;1
99;12;1
99;13;1
99;14;1
99;15;1
99;16;1
99;17;1
99;18;1
99;19;1
99;20;1
99;21;1
99;22;1
99;23;1
99;24;1
99;25;1
99;26;1
99;27;1
99;28;1
99;29;1
99;30;1
99;31;1
99;32;1
99;33;1
99;34;1
99;35;1
99;36;1
99;37;1
99;38;1
99;39;1
99;40;1
99;41;1
99;42;1
99;43;1
99;44;1
99;45;1
99;46;1
99;47;1
99;48;1
99;49;1
99;50;1
99;51;1
99;52;1
99;53;1
99;54;1
99;55;1
99;56;1
99;57;1
99;58;1
99;59;1
99;60;1
99;61;1
99;62;1
99;63;1
99;64;1
99;65;1
99;66;1
99;67;1
99;68;1
99;69;1
99;70;1
99;71;1
99;72;1
99;73;1
99;74;1
99;75;1
99;76;1
99;77;1
99;78;1
99;79;1
99;80;1
99;81;1
99;82;1
99;83;1
99;84;1
99;85;1
99;86;1
99;87;1
99;88;1
99;89;1
99;90;1
99;91;1
99;92;1
99;93;1
99;94;1
99;95;1
99;96;30
99;97;30
99;98;30
99;99;30
99;100;30
100;0;1
100;1;1
100;2;1
100;3;1
100;4;1
100;5;1
100;6;1
100;7;1
100;8;1
100;9;1
100;10;1
100;11;1
100;12;1
100;13;1
100;14;1
100;15;1
100;16;1
100;17;1
100;18;1
100;19;1
100;20;1
100;21;1
100;22;1
100;23;1
100;24;1
100;25;1
100;26;1
100;27;1
100;28;1
100;29;1
100;30;1
100;31;1
100;32;1
100;33;1
100;34;1
100;35;1
100;36;1
100;37;1
100;38;1
100;39;1
100;40;1
100;41;1
100;42;1
100;43;1
100;44;1
100;45;1
100;46;1
100;47;1
100;48;1
100;49;1
100;50;1
100;51;1
100;52;1
100;53;1
100;54;1
100;55;1
100;56;1
100;57;1
100;58;1
100;59;1
100;60;1
100;61;1
100;62;1
100;63;1
100;64;1
100;65;1
100;66;1
100;67;1
100;68;1
100;69;1
100;70;1
100;71;1
100;72;1
100;73;1
100;74;1
100;75;1
100;76;1
100;77;1
100;78;1
100;79;1
100;80;1
100;81;1
100;82;1
100;83;1
100;84;1
100;85;1
100;86;1
100;87;1
100;88;1
100;89;1
100;90;1
100;91;1
100;92;1
100;93;1
100;94;1
100;95;1
100;96;30
100;97;30
100;98;30
100;99;30
100;100;30
101;0;1
101;1;1
101;2;1
101;3;1
101;4;1
101;5;1
101;6;1
101;7;1
101;8;1
101;9;1
101;10;1
101;11;1
101;12;1
101;13;1
101;14;1
101;15;1
101;16;1
101;17;1
101;18;1
101;19;1
101;20;1
101;21;1
101;22;1
101;23;1
101;24;1
101;25;1
101;26;1
101;27;1
101;28;1
101;29;1
101;30;1
101;31;1
101;32;1
101;33;1
101;34;1
101;35;1
101;36;1
101;37;1
101;38;1
101;39;1
101;40;1
101;41;1
101;42;1
101;43;1
101;44;1
101;45;1
101;46;1
101;47;1
101;48;1
101;49;1
101;50;1
101;51;1
101;52;1
101;53;1
101;54;1
101;55;1
101;56;1
101;57;1
101;58;1
101;59;1
101;60;1
101;61;1
101;62;1
101;63;1
101;64;1
101;65;1
101;66;1
101;67;1
101;68;1
101;69;1
101;70;1
101;71;1
101;72;1
101;73;1
101;74;1
101;75;1
101;76;1
101;77;1
101;78;1
101;79;1
101;80;1
101;81;1
101;82;1
101;83;1
101;84;1
101;85;1
101;86;1
101;87;1
101;88;1
101;89;1
101;90;1
101;91;1
101;92;1
101;93;1
101;94;1
101;95;1
101;96;30
101;97;30
101;98;30
101;99;30
101;100;30
102;0;1
102;1;1
102;2;1
102;3;1
102;4;1
102;5;1
102;6;1
102;7;1
102;8;1
102;9;1
102;10;1
102;11;1
102;12;1
102;13;1
102;14;1
102;15;1
102;16;1
102;17;1
102;18;1
102;19;1
102;20;1
102;21;1
102;22;1
102;23;1
102;24;1
102;25;1
102;26;1
102;27;1
102;28;1
102;29;1
102;30;1
102;31;1
102;32;1
102;33;1
102;34;1
102;35;1
102;36;1
102;37;1
102;38;1
102;39;1
102;40;1
102;41;1
102;42;1
102;43;1
102;44;1
102;45;1
102;46;1
102;47;1
102;48;1
102;49;1
102;50;1
102;51;1
102;52;1
102;53;1
102;54;1
102;55;1
102;56;1
102;57;1
102;58;1
102;59;1
102;60;1
102;61;1
102;62;1
102;63;1
102;64;1
102;65;1
102;66;1
102;67;1
102;68;1
102;69;1
102;70;1
102;71;1
102;72;1
102;73;1
102;74;1
102;75;1
102;76;1
102;77;1
102;78;1
102;79;1
102;80;1
102;81;1
102;82;1
102;83;1
102;84;1
102;85;1
102;86;1
102;87;1
102;88;1
102;89;1
102;90;1
102;91;1
102;92;1
102;93;1
102;94;1
102;95;1
102;96;30
102;97;30
102;98;30
102;99;30
102;100;30
103;0;1
103;1;1
103;2;1
103;3;1
103;4;1
103;5;1
103;6;1
103;7;1
103;8;1
103;9;1
103;10;1
103;11;1
103;12;1
103;13;1
103;14;1
103;15;1
103;16;1
103;17;1
103;18;1
103;19;1
103;20;1
103;21;1
103;22;1
103;23;1
103;24;1
103;25;1
103;26;1
103;27;1
103;28;1
103;29;1
103;30;1
103;31;1
103;32;1
103;33;1
103;34;1
103;35;1
103;36;1
103;37;1
103;38;1
103;39;1
103;40;1
103;41;1
103;42;1
103;43;1
103;44;1
103;45;1
103;46;1
103;47;1
103;48;1
103;49;1
103;50;1
103;51;1
103;52;1
103;53;1
103;54;1
103;55;1
103;56;1
103;57;1
103;58;1
103;59;1
103;60;1
103;61;1
103;62;1
103;63;1
103;64;1
103;65;1
103;66;1
103;67;1
103;68;1
103;69;1
103;70;1
103;71;1
103;72;1
103;73;1
103;74;1
103;75;1
103;76;1
103;77;1
103;78;1
103;79;1
103;80;1
103;81;1
103;82;1
103;83;1
103;84;1
103;85;1
103;86;1
103;87;1
103;88;1
103;89;1
103;90;1
103;91;1
103;92;1
103;93;30
103;94;1
103;95;1
103;96;30
103;97;30
103;98;30
103;99;30
103;100;30
104;0;1
104;1;1
104;2;1
104;3;1
104;4;1
104;5;1
104;6;1
104;7;1
104;8;1
104;9;1
104;10;1
104;11;1
104;12;1
104;13;1
104;14;1
104;15;1
104;16;1
104;17;1
104;18;1
104;19;1
104;20;1
104;21;1
104;22;1
104;23;1
104;24;1
104;25;1
104;26;1
104;27;1
104;28;1
104;29;1
104;30;1
104;31;1
104;32;1
104;33;1
104;34;1
104;35;1
104;36;1
104;37;1
104;38;1
104;39;1
104;40;1
104;41;1
104;42;1
104;43;1
104;44;1
104;45;1
104;46;1
104;47;1
104;48;1
104;49;1
104;50;1
104;51;1
104;52;1
104;53;1
104;54;1
104;55;1
104;56;1
104;57;1
104;58;1
104;59;1
104;60;1
104;61;1
104;62;1
104;63;1
104;64;1
104;65;1
104;66;1
104;67;1
104;68;1
104;69;1
104;70;1
104;71;1
104;72;1
104;73;1
104;74;1
104;75;1
104;76;1
104;77;1
104;78;1
104;79;1
104;80;1
104;81;1
104;82;1
104;83;1
104;84;1
104;85;1
104;86;1
104;87;1
104;88;1
104;89;1
104;90;1
104;91;1
104;92;1
104;93;1
104;94;1
104;95;1
104;96;30
104;97;30
104;98;30
104;99;30
104;100;30
105;0;1
105;1;1
105;2;1
105;3;1
105;4;1
105;5;1
105;6;1
105;7;1
105;8;1
105;9;1
105;10;1
105;11;1
105;12;1
105;13;1
105;14;1
105;15;1
105;16;1
105;17;1
105;18;1
105;19;1
105;20;1
105;21;1
105;22;1
105;23;1
105;24;1
105;25;1
105;26;1
105;27;1
105;28;1
105;29;1
105;30;1
105;31;1
105;32;1
105;33;1
105;34;1
105;35;1
105;36;1
105;37;1
105;38;1
105;39;1
105;40;1
105;41;1
105;42;1
105;43;1
105;44;1
105;45;1
105;46;1
105;47;1
105;48;1
105;49;1
105;50;1
105;51;1
105;52;1
105;53;1
105;54;1
105;55;1
105;56;1
105;57;1
105;58;1
105;59;1
105;60;1
105;61;1
105;62;1
105;63;1
105;64;1
105;65;1
105;66;2
105;67;1
105;68;1
105;69;1
105;70;1
105;71;1
105;72;1
105;73;1
105;74;1
105;75;1
105;76;1
105;77;1
105;78;1
105;79;1
105;80;1
105;81;1
105;82;1
105;83;1
105;84;1
105;85;1
105;86;1
105;87;1
105;88;1
105;89;1
105;90;1
105;91;1
105;92;1
105;93;1
105;94;1
105;95;1
105;96;30
105;97;30
105;98;30
105;99;30
105;100;30
106;0;1
106;1;1
106;2;1
106;3;1
106;4;1
106;5;1
106;6;1
106;7;1
106;8;1
106;9;1
106;10;1
106;11;1
106;12;1
106;13;1
106;14;1
106;15;1
106;16;1
106;17;1
106;18;1
106;19;1
106;20;1
106;21;1
106;22;1
106;23;1
106;24;1
106;25;1
106;26;1
106;27;1
106;28;1
106;29;1
106;30;1
106;31;1
106;32;1
106;33;1
106;34;1
106;35;1
106;36;1
106;37;1
106;38;1
106;39;1
106;40;1
106;41;1
106;42;1
106;43;1
106;44;1
106;45;1
106;46;1
106;47;1
106;48;1
106;49;1
106;50;1
106;51;1
106;52;1
106;53;1
106;54;1
106;55;1
106;56;1
106;57;1
106;58;1
106;59;1
106;60;1
106;61;1
106;62;1
106;63;1
106;64;1
106;65;1
106;66;1
106;67;1
106;68;1
106;69;1
106;70;1
106;71;1
106;72;1
106;73;1
106;74;1
106;75;1
106;76;1
106;77;1
106;78;1
106;79;1
106;80;1
106;81;1
106;82;1
106;83;1
106;84;1
106;85;1
106;86;1
106;87;1
106;88;1
106;89;1
106;90;1
106;91;1
106;92;1
106;93;1
106;94;1
106;95;1
106;96;30
106;97;30
106;98;30
106;99;30
106;100;30
107;0;1
107;1;1
107;2;1
107;3;1
107;4;1
107;5;1
107;6;1
107;7;1
107;8;1
107;9;1
107;10;1
107;11;1
107;12;1
107;13;1
107;14;1
107;15;1
107;16;1
107;17;1
107;18;1
107;19;1
107;20;1
107;21;1
107;22;1
107;23;1
107;24;1
107;25;1
107;26;1
107;27;1
107;28;1
107;29;1
107;30;1
107;31;1
107;32;1
107;33;1
107;34;1
107;35;1
107;36;1
107;37;1
107;38;1
107;39;1
107;40;1
107;41;1
107;42;1
107;43;1
107;44;1
107;45;1
107;46;1
107;47;1
107;48;1
107;49;1
107;50;1
107;51;1
107;52;1
107;53;1
107;54;1
107;55;1
107;56;1
107;57;1
107;58;1
107;59;1
107;60;1
107;61;1
107;62;1
107;63;1
107;64;1
107;65;1
107;66;1
107;67;1
107;68;1
107;69;1
107;70;1
107;71;1
107;72;1
107;73;1
107;74;1
107;75;1
107;76;1
107;77;1
107;78;1
107;79;1
107;80;1
107;81;1
107;82;1
107;83;1
107;84;10
107;85;10
107;86;1
107;87;1
107;88;1
107;89;1
107;90;1
107;91;1
107;92;1
107;93;1
107;94;1
107;95;1
107;96;30
107;97;30
107;98;30
107;99;30
107;100;30
108;0;1
108;1;1
108;2;1
108;3;1
108;4;1
108;5;1
108;6;1
108;7;1
108;8;1
108;9;1
108;10;1
108;11;1
108;12;1
108;13;1
108;14;1
108;15;1
108;16;1
108;17;1
108;18;1
108;19;1
108;20;1
108;21;1
108;22;1
108;23;1
108;24;1
108;25;1
108;26;1
108;27;1
108;28;1
108;29;1
108;30;1
108;31;1
108;32;1
108;33;1
108;34;1
108;35;1
108;36;1
108;37;1
108;38;1
108;39;1
108;40;1
108;41;1
108;42;1
108;43;1
108;44;1
108;45;1
108;46;1
108;47;1
108;48;1
108;49;1
108;50;1
108;51;1
108;52;1
108;53;1
108;54;1
108;55;1
108;56;1
108;57;1
108;58;1
108;59;1
108;60;1
108;61;1
108;62;1
108;63;1
108;64;1
108;65;1
108;66;1
108;67;1
108;68;1
108;69;1
108;70;1
108;71;1
108;72;1
108;73;1
108;74;1
108;75;1
108;76;1
108;77;1
108;78;1
108;79;1
108;80;1
108;81;1
108;82;1
108;83;1
108;84;10
108;85;10
108;86;1
108;87;1
108;88;1
108;89;1
108;90;1
108;91;1
108;92;1
108;93;1
108;94;1
108;95;1
108;96;30
108;97;30
108;98;30
108;99;30
108;100;30
109;0;1
109;1;1
109;2;1
109;3;1
109;4;1
109;5;1
109;6;1
109;7;1
109;8;1
109;9;1
109;10;1
109;11;1
109;12;1
109;13;1
109;14;1
109;15;1
109;16;1
109;17;1
109;18;1
109;19;1
109;20;1
109;21;1
109;22;1
109;23;1
109;24;1
109;25;1
109;26;1
109;27;1
109;28;1
109;29;1
109;30;1
109;31;1
109;32;1
109;33;1
109;34;1
109;35;1
109;36;1
109;37;1
109;38;1
109;39;1
109;40;1
109;41;1
109;42;1
109;43;1
109;44;1
109;45;1
109;46;1
109;47;1
109;48;1
109;49;1
109;50;1
109;51;1
109;52;1
109;53;1
109;54;1
109;55;1
109;56;1
109;57;1
109;58;1
109;59;1
109;60;1
109;61;1
109;62;1
109;63;1
109;64;1
109;65;1
109;66;1
109;67;1
109;68;1
109;69;1
109;70;1
109;71;1
109;72;1
109;73;1
109;74;1
109;75;1
109;76;1
109;77;1
109;78;1
109;79;1
109;80;1
109;81;1
109;82;1
109;83;1
109;84;10
109;85;10
109;86;1
109;87;1
109;88;1
109;89;1
109;90;1
109;91;1
109;92;1
109;93;1
109;94;1
109;95;1
109;96;30
109;97;30
109;98;30
109;99;30
109;100;30
110;0;1
110;1;1
110;2;1
110;3;1
110;4;1
110;5;1
110;6;1
110;7;1
110;8;1
110;9;1
110;10;1
110;11;1
110;12;1
110;13;1
110;14;1
110;15;1
110;16;1
110;17;1
110;18;1
110;19;1
110;20;1
110;21;1
110;22;1
110;23;1
110;24;1
110;25;1
110;26;1
110;27;1
110;28;1
110;29;1
110;30;1
110;31;1
110;32;1
110;33;1
110;34;1
110;35;1
110;36;1
110;37;1
110;38;1
110;39;1
110;40;1
110;41;1
110;42;1
110;43;1
110;44;1
110;45;1
110;46;1
110;47;1
110;48;1
110;49;1
110;50;1
110;51;1
110;52;1
110;53;1
110;54;1
110;55;1
110;56;1
110;57;1
110;58;1
110;59;1
110;60;1
110;61;1
110;62;1
110;63;1
110;64;1
110;65;1
110;66;1
110;67;1
110;68;1
110;69;1
110;70;1
110;71;1
110;72;1
110;73;1
110;74;1
110;75;1
110;76;1
110;77;1
110;78;1
110;79;1
110;80;1
110;81;1
110;82;1
110;83;1
110;84;10
110;85;10
110;86;1
110;87;1
110;88;1
110;89;1
110;90;1
110;91;1
110;92;1
110;93;1
110;94;1
110;95;1
110;96;30
110;97;30
110;98;30
110;99;30
110;100;30
111;0;1
111;1;1
111;2;1
111;3;1
111;4;1
111;5;1
111;6;1
111;7;1
111;8;1
111;9;1
111;10;1
111;11;1
111;12;1
111;13;1
111;14;1
111;15;1
111;16;1
111;17;1
111;18;1
111;19;1
111;20;1
111;21;1
111;22;1
111;23;1
111;24;1
111;25;1
111;26;1
111;27;1
111;28;1
111;29;1
111;30;1
111;31;1
111;32;1
111;33;1
111;34;1
111;35;1
111;36;1
111;37;1
111;38;1
111;39;1
111;40;1
111;41;1
111;42;1
111;43;1
111;44;1
111;45;1
111;46;1
111;47;1
111;48;1
111;49;1
111;50;1
111;51;1
111;52;1
111;53;1
111;54;1
111;55;1
111;56;1
111;57;1
111;58;1
111;59;1
111;60;1
111;61;1
111;62;1
111;63;1
111;64;1
111;65;1
111;66;1
111;67;1
111;68;1
111;69;1
111;70;1
111;71;1
111;72;1
111;73;1
111;74;1
111;75;1
111;76;1
111;77;1
111;78;1
111;79;1
111;80;1
111;81;1
111;82;1
111;83;1
111;84;10
111;85;10
111;86;1
111;87;1
111;88;1
111;89;1
111;90;1
111;91;1
111;92;1
111;93;1
111;94;1
111;95;1
111;96;30
111;97;30
111;98;30
111;99;30
111;100;30
112;0;1
112;1;1
112;2;1
112;3;1
112;4;1
112;5;1
112;6;1
112;7;1
112;8;1
112;9;1
112;10;1
112;11;1
112;12;1
112;13;1
112;14;1
112;15;1
112;16;1
112;17;1
112;18;1
112;19;1
112;20;1
112;21;1
112;22;1
112;23;1
112;24;1
112;25;1
112;26;1
112;27;1
112;28;1
112;29;1
112;30;1
112;31;1
112;32;1
112;33;1
112;34;1
112;35;1
112;36;1
112;37;1
112;38;1
112;39;1
112;40;1
112;41;1
112;42;1
112;43;1
112;44;1
112;45;1
112;46;1
112;47;1
112;48;1
112;49;1
112;50;1
112;51;1
112;52;1
112;53;1
112;54;1
112;55;1
112;56;1
112;57;1
112;58;1
112;59;1
112;60;1
112;61;1
112;62;1
112;63;1
112;64;1
112;65;1
112;66;1
112;67;1
112;68;1
112;69;1
112;70;1
112;71;1
112;72;1
112;73;1
112;74;1
112;75;1
112;76;1
112;77;1
112;78;1
112;79;1
112;80;1
112;81;1
112;82;1
112;83;1
112;84;10
112;85;10
112;86;1
112;87;1
112;88;1
112;89;1
112;90;1
112;91;1
112;92;1
112;93;1
112;94;1
112;95;1
112;96;30
112;97;30
112;98;30
112;99;30
112;100;30
113;0;1
113;1;1
113;2;1
113;3;1
113;4;1
113;5;1
113;6;1
113;7;1
113;8;1
113;9;1
113;10;1
113;11;1
113;12;1
113;13;1
113;14;1
113;15;1
113;16;1
113;17;1
113;18;1
113;19;1
113;20;1
113;21;1
113;22;1
113;23;1
113;24;1
113;25;1
113;26;1
113;27;1
113;28;1
113;29;1
113;30;1
113;31;1
113;32;1
113;33;1
113;34;1
113;35;1
113;36;1
113;37;1
113;38;1
113;39;1
113;40;1
113;41;1
113;42;1
113;43;1
113;44;1
113;45;1
113;46;1
113;47;1
113;48;1
113;49;1
113;50;1
113;51;1
113;52;1
113;53;1
113;54;1
113;55;1
113;56;1
113;57;1
113;58;1
113;59;1
113;60;1
113;61;1
113;62;1
113;63;1
113;64;1
113;65;1
113;66;1
113;67;1
113;68;1
113;69;1
113;70;1
113;71;4
113;72;1
113;73;1
113;74;1
113;75;1
113;76;1
113;77;1
113;78;1
113;79;1
113;80;1
113;81;1
113;82;1
113;83;1
113;84;10
113;85;10
113;86;1
113;87;1
113;88;1
113;89;1
113;90;1
113;91;1
113;92;1
113;93;1
113;94;1
113;95;1
113;96;30
113;97;30
113;98;30
113;99;30
113;100;30
114;0;1
114;1;1
114;2;1
114;3;1
114;4;1
114;5;1
114;6;1
114;7;1
114;8;1
114;9;1
114;10;1
114;11;1
114;12;1
114;13;1
114;14;1
114;15;1
114;16;1
114;17;1
114;18;1
114;19;1
114;20;1
114;21;1
114;22;1
114;23;1
114;24;1
114;25;1
114;26;1
114;27;1
114;28;1
114;29;1
114;30;1
114;31;1
114;32;1
114;33;1
114;34;1
114;35;1
114;36;1
114;37;1
114;38;1
114;39;1
114;40;1
114;41;1
114;42;1
114;43;1
114;44;1
114;45;1
114;46;1
114;47;1
114;48;1
114;49;1
114;50;1
114;51;1
114;52;1
114;53;1
114;54;1
114;55;1
114;56;1
114;57;1
114;58;1
114;59;1
114;60;1
114;61;1
114;62;1
114;63;1
114;64;1
114;65;1
114;66;1
114;67;1
114;68;1
114;69;1
114;70;1
114;71;1
114;72;1
114;73;1
114;74;1
114;75;1
114;76;1
114;77;1
114;78;1
114;79;1
114;80;1
114;81;1
114;82;1
114;83;1
114;84;10
114;85;10
114;86;1
114;87;1
114;88;1
114;89;1
114;90;1
114;91;1
114;92;1
114;93;1
114;94;1
114;95;1
114;96;30
114;97;30
114;98;30
114;99;30
114;100;30
115;0;1
115;1;1
115;2;1
115;3;1
115;4;1
115;5;1
115;6;1
115;7;1
115;8;1
115;9;1
115;10;1
115;11;1
115;12;1
115;13;1
115;14;1
115;15;1
115;16;1
115;17;1
115;18;1
115;19;1
115;20;1
115;21;1
115;22;1
115;23;1
115;24;1
115;25;1
115;26;1
115;27;1
115;28;1
115;29;1
115;30;1
115;31;1
115;32;1
115;33;1
115;34;1
115;35;1
115;36;1
115;37;1
115;38;1
115;39;1
115;40;1
115;41;1
115;42;1
115;43;1
115;44;1
115;45;1
115;46;1
115;47;1
115;48;1
115;49;1
115;50;1
115;51;1
115;52;1
115;53;1
115;54;1
115;55;1
115;56;1
115;57;1
115;58;1
115;59;1
115;60;1
115;61;1
115;62;1
115;63;1
115;64;1
115;65;1
115;66;1
115;67;1
115;68;1
115;69;1
115;70;1
115;71;1
115;72;1
115;73;1
115;74;1
115;75;1
115;76;1
115;77;1
115;78;1
115;79;1
115;80;1
115;81;1
115;82;1
115;83;10
115;84;10
115;85;10
115;86;1
115;87;1
115;88;1
115;89;1
115;90;1
115;91;1
115;92;1
115;93;1
115;94;1
115;95;1
115;96;30
115;97;30
115;98;30
115;99;30
115;100;30
116;0;1
116;1;1
116;2;1
116;3;1
116;4;1
116;5;1
116;6;1
116;7;1
116;8;1
116;9;1
116;10;1
116;11;1
116;12;1
116;13;1
116;14;1
116;15;1
116;16;1
116;17;1
116;18;1
116;19;1
116;20;1
116;21;1
116;22;1
116;23;1
116;24;1
116;25;1
116;26;1
116;27;1
116;28;1
116;29;1
116;30;1
116;31;1
116;32;1
116;33;1
116;34;1
116;35;1
116;36;1
116;37;1
116;38;1
116;39;1
116;40;1
116;41;1
116;42;1
116;43;1
116;44;1
116;45;1
116;46;1
116;47;1
116;48;1
116;49;1
116;50;1
116;51;1
116;52;1
116;53;1
116;54;1
116;55;1
116;56;1
116;57;1
116;58;1
116;59;1
116;60;1
116;61;1
116;62;1
116;63;1
116;64;1
116;65;1
116;66;1
116;67;1
116;68;1
116;69;1
116;70;1
116;71;1
116;72;1
116;73;1
116;74;1
116;75;1
116;76;1
116;77;1
116;78;1
116;79;1
116;80;1
116;81;1
116;82;10
116;83;10
116;84;10
116;85;10
116;86;1
116;87;1
116;88;1
116;89;1
116;90;1
116;91;1
116;92;1
116;93;1
116;94;1
116;95;1
116;96;30
116;97;30
116;98;30
116;99;30
116;100;30
117;0;1
117;1;1
117;2;1
117;3;1
117;4;1
117;5;1
117;6;1
117;7;1
117;8;1
117;9;1
117;10;1
117;11;1
117;12;1
117;13;1
117;14;1
117;15;1
117;16;1
117;17;1
117;18;1
117;19;1
117;20;1
117;21;1
117;22;1
117;23;1
117;24;1
117;25;1
117;26;1
117;27;1
117;28;1
117;29;1
117;30;1
117;31;1
117;32;1
117;33;1
117;34;1
117;35;1
117;36;1
117;37;1
117;38;1
117;39;1
117;40;1
117;41;1
117;42;1
117;43;1
117;44;1
117;45;1
117;46;1
117;47;1
117;48;1
117;49;1
117;50;1
117;51;1
117;52;1
117;53;1
117;54;1
117;55;1
117;56;1
117;57;1
117;58;1
117;59;1
117;60;1
117;61;1
117;62;1
117;63;1
117;64;1
117;65;1
117;66;1
117;67;1
117;68;1
117;69;1
117;70;1
117;71;1
117;72;1
117;73;1
117;74;1
117;75;1
117;76;1
117;77;1
117;78;1
117;79;1
117;80;1
117;81;1
117;82;10
117;83;10
117;84;10
117;85;10
117;86;1
117;87;1
117;88;1
117;89;1
117;90;1
117;91;1
117;92;1
117;93;1
117;94;1
117;95;1
117;96;30
117;97;30
117;98;30
117;99;30
117;100;30
118;0;1
118;1;1
118;2;1
118;3;1
118;4;1
118;5;1
118;6;1
118;7;1
118;8;1
118;9;1
118;10;1
118;11;1
118;12;1
118;13;1
118;14;1
118;15;1
118;16;1
118;17;1
118;18;1
118;19;1
118;20;1
118;21;1
118;22;1
118;23;1
118;24;1
118;25;1
118;26;1
118;27;1
118;28;1
118;29;1
118;30;1
118;31;1
118;32;1
118;33;1
118;34;1
118;35;1
118;36;1
118;37;1
118;38;1
118;39;1
118;40;1
118;41;1
118;42;1
118;43;1
118;44;1
118;45;1
118;46;1
118;47;1
118;48;1
118;49;1
118;50;1
118;51;1
118;52;1
118;53;1
118;54;1
118;55;1
118;56;1
118;57;1
118;58;1
118;59;1
118;60;1
118;61;1
118;62;1
118;63;1
118;64;1
118;65;1
118;66;1
118;67;1
118;68;1
118;69;1
118;70;1
118;71;1
118;72;1
118;73;1
118;74;1
118;75;1
118;76;1
118;77;1
118;78;1
118;79;1
118;80;1
118;81;1
118;82;10
118;83;10
118;84;10
118;85;10
118;86;1
118;87;1
118;88;1
118;89;1
118;90;1
118;91;1
118;92;1
118;93;1
118;94;1
118;95;1
118;96;30
118;97;30
118;98;30
118;99;30
118;100;30
119;0;1
119;1;1
119;2;1
119;3;1
119;4;1
119;5;1
119;6;1
119;7;1
119;8;1
119;9;1
119;10;1
119;11;1
119;12;1
119;13;1
119;14;1
119;15;1
119;16;1
119;17;1
119;18;1
119;19;1
119;20;1
119;21;1
119;22;1
119;23;1
119;24;1
119;25;1
119;26;1
119;27;1
119;28;1
119;29;1
119;30;1
119;31;1
119;32;1
119;33;1
119;34;1
119;35;1
119;36;1
119;37;1
119;38;1
119;39;1
119;40;1
119;41;1
119;42;1
119;43;1
119;44;1
119;45;1
119;46;1
119;47;1
119;48;1
119;49;1
119;50;1
119;51;1
119;52;1
119;53;1
119;54;1
119;55;1
119;56;1
119;57;1
119;58;1
119;59;1
119;60;1
119;61;1
119;62;1
119;63;1
119;64;1
119;65;1
119;66;1
119;67;1
119;68;1
119;69;1
119;70;1
119;71;1
119;72;1
119;73;1
119;74;1
119;75;1
119;76;1
119;77;1
119;78;1
119;79;1
119;80;1
119;81;1
119;82;10
119;83;10
119;84;10
119;85;10
119;86;1
119;87;1
119;88;1
119;89;1
119;90;1
119;91;1
119;92;1
119;93;1
119;94;1
119;95;1
119;96;30
119;97;30
119;98;30
119;99;20
119;100;20
120;0;1
120;1;1
120;2;1
120;3;1
120;4;1
120;5;1
120;6;1
120;7;1
120;8;1
120;9;1
120;10;1
120;11;1
120;12;1
120;13;1
120;14;1
120;15;1
120;16;1
120;17;1
120;18;1
120;19;1
120;20;1
120;21;1
120;22;1
120;23;1
120;24;1
120;25;1
120;26;1
120;27;1
120;28;1
120;29;1
120;30;1
120;31;1
120;32;1
120;33;1
120;34;1
120;35;1
120;36;1
120;37;1
120;38;1
120;39;1
120;40;1
120;41;1
120;42;1
120;43;1
120;44;1
120;45;1
120;46;1
120;47;1
120;48;1
120;49;1
120;50;1
120;51;1
120;52;1
120;53;1
120;54;1
120;55;1
120;56;1
120;57;1
120;58;1
120;59;1
120;60;1
120;61;1
120;62;1
120;63;1
120;64;1
120;65;1
120;66;1
120;67;1
120;68;1
120;69;1
120;70;1
120;71;1
120;72;1
120;73;1
120;74;1
120;75;1
120;76;1
120;77;1
120;78;1
120;79;1
120;80;1
120;81;1
120;82;10
120;83;10
120;84;10
120;85;10
120;86;1
120;87;1
120;88;1
120;89;1
120;90;1
120;91;1
120;92;1
120;93;1
120;94;1
120;95;1
120;96;30
120;97;30
120;98;30
120;99;20
120;100;20
121;0;1
121;1;1
121;2;1
121;3;1
121;4;1
121;5;1
121;6;1
121;7;1
121;8;1
121;9;1
121;10;1
121;11;1
121;12;1
121;13;1
121;14;1
121;15;1
121;16;1
121;17;1
121;18;1
121;19;1
121;20;1
121;21;1
121;22;1
121;23;1
121;24;1
121;25;1
121;26;1
121;27;1
121;28;1
121;29;1
121;30;1
121;31;1
121;32;1
121;33;1
121;34;1
121;35;1
121;36;1
121;37;1
121;38;1
121;39;1
121;40;1
121;41;1
121;42;1
121;43;1
121;44;1
121;45;1
121;46;1
121;47;1
121;48;1
121;49;1
121;50;1
121;51;1
121;52;1
121;53;1
121;54;1
121;55;1
121;56;1
121;57;1
121;58;1
121;59;1
121;60;1
121;61;1
121;62;1
121;63;1
121;64;1
121;65;1
121;66;1
121;67;1
121;68;1
121;69;1
121;70;1
121;71;1
121;72;1
121;73;1
121;74;1
121;75;1
121;76;1
121;77;1
121;78;1
121;79;1
121;80;1
121;81;1
121;82;10
121;83;10
121;84;10
121;85;10
121;86;1
121;87;1
121;88;1
121;89;1
121;90;1
121;91;1
121;92;1
121;93;1
121;94;1
121;95;1
121;96;20
121;97;20
121;98;20
121;99;20
121;100;20
122;0;1
122;1;1
122;2;1
122;3;1
122;4;1
122;5;1
122;6;1
122;7;1
122;8;1
122;9;1
122;10;1
122;11;1
122;12;1
122;13;1
122;14;1
122;15;1
122;16;1
122;17;1
122;18;1
122;19;1
122;20;1
122;21;1
122;22;1
122;23;1
122;24;1
122;25;1
122;26;1
122;27;1
122;28;1
122;29;1
122;30;1
122;31;1
122;32;1
122;33;1
122;34;1
122;35;1
122;36;1
122;37;1
122;38;1
122;39;1
122;40;1
122;41;1
122;42;1
122;43;1
122;44;1
122;45;1
122;46;1
122;47;1
122;48;1
122;49;1
122;50;1
122;51;1
122;52;1
122;53;1
122;54;1
122;55;1
122;56;1
122;57;1
122;58;1
122;59;1
122;60;1
122;61;1
122;62;1
122;63;1
122;64;1
122;65;1
122;66;1
122;67;1
122;68;1
122;69;1
122;70;1
122;71;1
122;72;1
122;73;1
122;74;1
122;75;1
122;76;1
122;77;1
122;78;1
122;79;1
122;80;1
122;81;1
122;82;10
122;83;10
122;84;10
122;85;10
122;86;1
122;87;1
122;88;1
122;89;1
122;90;1
122;91;1
122;92;1
122;93;1
122;94;1
122;95;1
122;96;20
122;97;20
122;98;20
122;99;20
122;100;20
123;0;1
123;1;1
123;2;1
123;3;1
123;4;1
123;5;1
123;6;1
123;7;1
123;8;1
123;9;1
123;10;1
123;11;1
123;12;1
123;13;1
123;14;1
123;15;1
123;16;1
123;17;1
123;18;1
123;19;1
123;20;1
123;21;1
123;22;1
123;23;1
123;24;1
123;25;1
123;26;1
123;27;1
123;28;1
123;29;1
123;30;1
123;31;1
123;32;1
123;33;1
123;34;1
123;35;1
123;36;1
123;37;1
123;38;1
123;39;1
123;40;1
123;41;1
123;42;1
123;43;1
123;44;1
123;45;1
123;46;1
123;47;1
123;48;1
123;49;1
123;50;1
123;51;1
123;52;1
123;53;1
123;54;1
123;55;1
123;56;1
123;57;1
123;58;1
123;59;1
123;60;1
123;61;1
123;62;1
123;63;1
123;64;1
123;65;1
123;66;1
123;67;1
123;68;1
123;69;1
123;70;1
123;71;1
123;72;1
123;73;1
123;74;1
123;75;1
123;76;1
123;77;1
123;78;1
123;79;1
123;80;1
123;81;1
123;82;10
123;83;10
123;84;10
123;85;10
123;86;1
123;87;1
123;88;1
123;89;1
123;90;1
123;91;1
123;92;1
123;93;1
123;94;1
123;95;1
123;96;20
123;97;20
123;98;20
123;99;20
123;100;20
124;0;1
124;1;1
124;2;1
124;3;1
124;4;1
124;5;1
124;6;1
124;7;1
124;8;1
124;9;1
124;10;1
124;11;1
124;12;1
124;13;1
124;14;1
124;15;1
124;16;1
124;17;1
124;18;1
124;19;1
124;20;1
124;21;1
124;22;1
124;23;1
124;24;1
124;25;1
124;26;1
124;27;1
124;28;1
124;29;1
124;30;1
124;31;1
124;32;1
124;33;1
124;34;1
124;35;1
124;36;1
124;37;1
124;38;1
124;39;1
124;40;1
124;41;1
124;42;1
124;43;1
124;44;1
124;45;1
124;46;1
124;47;1
124;48;1
124;49;1
124;50;1
124;51;1
124;52;1
124;53;1
124;54;1
124;55;1
124;56;1
124;57;1
124;58;1
124;59;1
124;60;1
124;61;1
124;62;1
124;63;1
124;64;1
124;65;1
124;66;1
124;67;1
124;68;1
124;69;1
124;70;1
124;71;1
124;72;1
124;73;1
124;74;1
124;75;1
124;76;1
124;77;1
124;78;1
124;79;1
124;80;1
124;81;1
124;82;10
124;83;10
124;84;10
124;85;10
124;86;1
124;87;1
124;88;1
124;89;1
124;90;1
124;91;1
124;92;1
124;93;1
124;94;1
124;95;1
124;96;20
124;97;20
124;98;20
124;99;20
124;100;20
125;0;1
125;1;1
125;2;1
125;3;1
125;4;1
125;5;1
125;6;1
125;7;1
125;8;1
125;9;1
125;10;1
125;11;1
125;12;1
125;13;1
125;14;1
125;15;1
125;16;1
125;17;1
125;18;1
125;19;1
125;20;1
125;21;1
125;22;1
125;23;1
125;24;1
125;25;1
125;26;1
125;27;1
125;28;1
125;29;1
125;30;1
125;31;1
125;32;1
125;33;1
125;34;1
125;35;1
125;36;1
125;37;1
125;38;1
125;39;1
125;40;1
125;41;1
125;42;1
125;43;1
125;44;1
125;45;1
125;46;1
125;47;1
125;48;1
125;49;1
125;50;1
125;51;1
125;52;1
125;53;1
125;54;1
125;55;1
125;56;1
125;57;1
125;58;1
125;59;1
125;60;1
125;61;1
125;62;1
125;63;1
125;64;1
125;65;1
125;66;1
125;67;1
125;68;1
125;69;1
125;70;1
125;71;1
125;72;1
125;73;1
125;74;1
125;75;1
125;76;1
125;77;1
125;78;1
125;79;1
125;80;1
125;81;10
125;82;10
125;83;10
125;84;10
125;85;10
125;86;1
125;87;1
125;88;1
125;89;1
125;90;1
125;91;1
125;92;1
125;93;1
125;94;1
125;95;1
125;96;20
125;97;20
125;98;20
125;99;20
125;100;20
126;0;1
126;1;1
126;2;1
126;3;1
126;4;1
126;5;1
126;6;1
126;7;1
126;8;1
126;9;1
126;10;1
126;11;1
126;12;1
126;13;1
126;14;1
126;15;1
126;16;1
126;17;1
126;18;1
126;19;1
126;20;1
126;21;1
126;22;1
126;23;1
126;24;1
126;25;1
126;26;1
126;27;1
126;28;1
126;29;1
126;30;1
126;31;1
126;32;1
126;33;1
126;34;1
126;35;1
126;36;1
126;37;1
126;38;1
126;39;1
126;40;1
126;41;1
126;42;1
126;43;1
126;44;1
126;45;1
126;46;1
126;47;1
126;48;1
126;49;1
126;50;1
126;51;1
126;52;1
126;53;1
126;54;1
126;55;1
126;56;1
126;57;1
126;58;1
126;59;1
126;60;1
126;61;1
126;62;1
126;63;1
126;64;1
126;65;1
126;66;1
126;67;1
126;68;1
126;69;1
126;70;1
126;71;1
126;72;1
126;73;1
126;74;1
126;75;1
126;76;1
126;77;1
126;78;1
126;79;1
126;80;1
126;81;10
126;82;10
126;83;10
126;84;10
126;85;10
126;86;1
126;87;1
126;88;1
126;89;1
126;90;1
126;91;1
126;92;1
126;93;1
126;94;1
126;95;1
126;96;20
126;97;20
126;98;20
126;99;20
126;100;20
127;0;1
127;1;1
127;2;1
127;3;1
127;4;1
127;5;1
127;6;1
127;7;1
127;8;1
127;9;1
127;10;1
127;11;1
127;12;1
127;13;1
127;14;1
127;15;1
127;16;1
127;17;1
127;18;1
127;19;1
127;20;1
127;21;1
127;22;1
127;23;1
127;24;1
127;25;1
127;26;1
127;27;1
127;28;1
127;29;1
127;30;1
127;31;1
127;32;1
127;33;1
127;34;1
127;35;1
127;36;1
127;37;1
127;38;1
127;39;1
127;40;1
127;41;1
127;42;1
127;43;1
127;44;1
127;45;1
127;46;1
127;47;1
127;48;1
127;49;1
127;50;1
127;51;1
127;52;1
127;53;1
127;54;1
127;55;1
127;56;1
127;57;1
127;58;1
127;59;1
127;60;1
127;61;1
127;62;1
127;63;1
127;64;1
127;65;1
127;66;1
127;67;1
127;68;1
127;69;1
127;70;1
127;71;1
127;72;1
127;73;1
127;74;1
127;75;1
127;76;1
127;77;1
127;78;1
127;79;10
127;80;10
127;81;10
127;82;10
127;83;10
127;84;10
127;85;10
127;86;30
127;87;1
127;88;1
127;89;1
127;90;1
127;91;1
127;92;1
127;93;1
127;94;1
127;95;1
127;96;20
127;97;20
127;98;20
127;99;20
127;100;20
128;0;1
128;1;1
128;2;1
128;3;1
128;4;1
128;5;1
128;6;1
128;7;1
128;8;1
128;9;1
128;10;1
128;11;1
128;12;1
128;13;1
128;14;1
128;15;1
128;16;1
128;17;1
128;18;1
128;19;1
128;20;1
128;21;1
128;22;1
128;23;1
128;24;1
128;25;1
128;26;1
128;27;1
128;28;1
128;29;1
128;30;1
128;31;1
128;32;1
128;33;1
128;34;1
128;35;1
128;36;1
128;37;1
128;38;1
128;39;1
128;40;1
128;41;1
128;42;1
128;43;1
128;44;1
128;45;1
128;46;1
128;47;1
128;48;1
128;49;1
128;50;1
128;51;1
128;52;1
128;53;1
128;54;1
128;55;1
128;56;1
128;57;1
128;58;1
128;59;1
128;60;1
128;61;1
128;62;1
128;63;1
128;64;1
128;65;1
128;66;1
128;67;1
128;68;1
128;69;1
128;70;1
128;71;1
128;72;1
128;73;1
128;74;1
128;75;1
128;76;1
128;77;1
128;78;1
128;79;10
128;80;10
128;81;10
128;82;10
128;83;10
128;84;10
128;85;10
128;86;1
128;87;1
128;88;1
128;89;1
128;90;1
128;91;1
128;92;1
128;93;1
128;94;1
128;95;1
128;96;20
128;97;20
128;98;20
128;99;20
128;100;20
129;0;1
129;1;1
129;2;1
129;3;1
129;4;1
129;5;1
129;6;1
129;7;1
129;8;1
129;9;1
129;10;1
129;11;1
129;12;1
129;13;1
129;14;1
129;15;1
129;16;1
129;17;1
129;18;1
129;19;1
129;20;1
129;21;1
129;22;1
129;23;1
129;24;1
129;25;1
129;26;1
129;27;1
129;28;1
129;29;1
129;30;1
129;31;1
129;32;1
129;33;1
129;34;1
129;35;1
129;36;1
129;37;1
129;38;1
129;39;1
129;40;1
129;41;1
129;42;1
129;43;1
129;44;1
129;45;1
129;46;1
129;47;1
129;48;1
129;49;1
129;50;1
129;51;1
129;52;1
129;53;1
129;54;1
129;55;1
129;56;1
129;57;1
129;58;1
129;59;1
129;60;1
129;61;1
129;62;1
129;63;1
129;64;1
129;65;1
129;66;1
129;67;1
129;68;1
129;69;1
129;70;1
129;71;1
129;72;1
129;73;1
129;74;1
129;75;1
129;76;1
129;77;1
129;78;1
129;79;10
129;80;10
129;81;10
129;82;10
129;83;10
129;84;10
129;85;10
129;86;1
129;87;1
129;88;1
129;89;1
129;90;1
129;91;1
129;92;1
129;93;1
129;94;1
129;95;1
129;96;20
129;97;20
129;98;20
129;99;20
129;100;20
130;0;1
130;1;1
130;2;1
130;3;1
130;4;1
130;5;1
130;6;1
130;7;1
130;8;1
130;9;1
130;10;1
130;11;1
130;12;1
130;13;1
130;14;1
130;15;1
130;16;1
130;17;1
130;18;1
130;19;1
130;20;1
130;21;1
130;22;1
130;23;1
130;24;1
130;25;1
130;26;1
130;27;1
130;28;1
130;29;1
130;30;1
130;31;1
130;32;1
130;33;1
130;34;1
130;35;1
130;36;1
130;37;1
130;38;1
130;39;1
130;40;1
130;41;1
130;42;1
130;43;1
130;44;1
130;45;1
130;46;1
130;47;1
130;48;1
130;49;1
130;50;1
130;51;1
130;52;1
130;53;1
130;54;1
130;55;1
130;56;1
130;57;1
130;58;1
130;59;1
130;60;1
130;61;1
130;62;1
130;63;1
130;64;1
130;65;1
130;66;1
130;67;1
130;68;1
130;69;1
130;70;1
130;71;1
130;72;1
130;73;1
130;74;1
130;75;1
130;76;1
130;77;1
130;78;1
130;79;10
130;80;10
130;81;10
130;82;10
130;83;10
130;84;10
130;85;10
130;86;1
130;87;1
130;88;1
130;89;1
130;90;1
130;91;1
130;92;1
130;93;1
130;94;1
130;95;1
130;96;20
130;97;20
130;98;20
130;99;20
130;100;20
131;0;1
131;1;1
131;2;1
131;3;1
131;4;1
131;5;1
131;6;1
131;7;1
131;8;1
131;9;1
131;10;1
131;11;1
131;12;1
131;13;1
131;14;1
131;15;1
131;16;1
131;17;1
131;18;1
131;19;1
131;20;1
131;21;1
131;22;1
131;23;1
131;24;1
131;25;1
131;26;1
131;27;1
131;28;1
131;29;1
131;30;1
131;31;1
131;32;1
131;33;1
131;34;1
131;35;1
131;36;1
131;37;1
131;38;1
131;39;1
131;40;1
131;41;1
131;42;1
131;43;1
131;44;1
131;45;1
131;46;1
131;47;1
131;48;1
131;49;1
131;50;1
131;51;1
131;52;1
131;53;1
131;54;1
131;55;1
131;56;1
131;57;1
131;58;1
131;59;1
131;60;1
131;61;1
131;62;1
131;63;1
131;64;1
131;65;1
131;66;1
131;67;1
131;68;1
131;69;1
131;70;1
131;71;1
131;72;1
131;73;1
131;74;1
131;75;1
131;76;1
131;77;1
131;78;1
131;79;10
131;80;10
131;81;10
131;82;10
131;83;10
131;84;10
131;85;10
131;86;1
131;87;1
131;88;1
131;89;1
131;90;1
131;91;1
131;92;1
131;93;1
131;94;1
131;95;1
131;96;20
131;97;20
131;98;20
131;99;20
131;100;20
132;0;1
132;1;1
132;2;1
132;3;1
132;4;1
132;5;1
132;6;1
132;7;1
132;8;1
132;9;1
132;10;1
132;11;1
132;12;1
132;13;1
132;14;1
132;15;1
132;16;1
132;17;1
132;18;1
132;19;1
132;20;1
132;21;1
132;22;1
132;23;1
132;24;1
132;25;1
132;26;1
132;27;1
132;28;1
132;29;1
132;30;1
132;31;1
132;32;1
132;33;1
132;34;1
132;35;1
132;36;1
132;37;1
132;38;1
132;39;1
132;40;1
132;41;1
132;42;1
132;43;1
132;44;1
132;45;1
132;46;1
132;47;1
132;48;1
132;49;1
132;50;1
132;51;1
132;52;1
132;53;1
132;54;1
132;55;1
132;56;1
132;57;1
132;58;1
132;59;1
132;60;1
132;61;1
132;62;1
132;63;1
132;64;1
132;65;1
132;66;1
132;67;1
132;68;1
132;69;1
132;70;1
132;71;1
132;72;1
132;73;1
132;74;1
132;75;1
132;76;1
132;77;1
132;78;1
132;79;10
132;80;10
132;81;10
132;82;10
132;83;10
132;84;10
132;85;10
132;86;1
132;87;1
132;88;1
132;89;1
132;90;1
132;91;1
132;92;1
132;93;1
132;94;1
132;95;1
132;96;20
132;97;20
132;98;20
132;99;20
132;100;20
133;0;1
133;1;1
133;2;1
133;3;1
133;4;1
133;5;1
133;6;1
133;7;1
133;8;1
133;9;1
133;10;1
133;11;1
133;12;1
133;13;1
133;14;1
133;15;1
133;16;1
133;17;1
133;18;1
133;19;1
133;20;1
133;21;1
133;22;1
133;23;1
133;24;1
133;25;1
133;26;1
133;27;1
133;28;1
133;29;1
133;30;1
133;31;1
133;32;1
133;33;1
133;34;1
133;35;1
133;36;1
133;37;1
133;38;1
133;39;1
133;40;1
133;41;1
133;42;1
133;43;1
133;44;1
133;45;1
133;46;1
133;47;1
133;48;1
133;49;1
133;50;1
133;51;1
133;52;1
133;53;1
133;54;1
133;55;1
133;56;1
133;57;1
133;58;1
133;59;1
133;60;1
133;61;1
133;62;1
133;63;1
133;64;1
133;65;1
133;66;2
133;67;1
133;68;1
133;69;1
133;70;1
133;71;1
133;72;1
133;73;1
133;74;1
133;75;1
133;76;1
133;77;1
133;78;1
133;79;10
133;80;10
133;81;10
133;82;10
133;83;10
133;84;10
133;85;10
133;86;1
133;87;1
133;88;1
133;89;1
133;90;1
133;91;1
133;92;1
133;93;1
133;94;1
133;95;1
133;96;20
133;97;20
133;98;20
133;99;20
133;100;20
134;0;1
134;1;1
134;2;1
134;3;1
134;4;1
134;5;1
134;6;1
134;7;1
134;8;1
134;9;1
134;10;1
134;11;1
134;12;1
134;13;1
134;14;1
134;15;1
134;16;1
134;17;1
134;18;1
134;19;1
134;20;1
134;21;1
134;22;1
134;23;1
134;24;1
134;25;1
134;26;1
134;27;1
134;28;1
134;29;1
134;30;1
134;31;1
134;32;1
134;33;1
134;34;1
134;35;1
134;36;1
134;37;1
134;38;1
134;39;1
134;40;1
134;41;1
134;42;1
134;43;1
134;44;1
134;45;1
134;46;1
134;47;1
134;48;1
134;49;1
134;50;1
134;51;1
134;52;1
134;53;1
134;54;1
134;55;1
134;56;1
134;57;1
134;58;1
134;59;1
134;60;1
134;61;1
134;62;1
134;63;1
134;64;1
134;65;1
134;66;1
134;67;1
134;68;1
134;69;1
134;70;1
134;71;1
134;72;1
134;73;1
134;74;1
134;75;1
134;76;1
134;77;1
134;78;1
134;79;10
134;80;10
134;81;10
134;82;10
134;83;10
134;84;10
134;85;10
134;86;1
134;87;1
134;88;1
134;89;1
134;90;1
134;91;1
134;92;1
134;93;1
134;94;1
134;95;1
134;96;20
134;97;20
134;98;20
134;99;20
134;100;20
135;0;1
135;1;1
135;2;1
135;3;1
135;4;1
135;5;1
135;6;1
135;7;1
135;8;1
135;9;1
135;10;1
135;11;1
135;12;1
135;13;1
135;14;1
135;15;1
135;16;1
135;17;1
135;18;1
135;19;1
135;20;1
135;21;1
135;22;1
135;23;1
135;24;1
135;25;1
135;26;1
135;27;1
135;28;1
135;29;1
135;30;1
135;31;1
135;32;1
135;33;1
135;34;1
135;35;1
135;36;1
135;37;1
135;38;1
135;39;1
135;40;1
135;41;1
135;42;1
135;43;1
135;44;1
135;45;1
135;46;1
135;47;1
135;48;1
135;49;1
135;50;1
135;51;1
135;52;1
135;53;1
135;54;1
135;55;1
135;56;1
135;57;1
135;58;1
135;59;1
135;60;1
135;61;1
135;62;1
135;63;1
135;64;1
135;65;1
135;66;1
135;67;1
135;68;1
135;69;1
135;70;1
135;71;1
135;72;1
135;73;1
135;74;1
135;75;1
135;76;1
135;77;1
135;78;10
135;79;10
135;80;10
135;81;10
135;82;10
135;83;10
135;84;10
135;85;10
135;86;1
135;87;1
135;88;1
135;89;1
135;90;1
135;91;1
135;92;1
135;93;1
135;94;1
135;95;1
135;96;20
135;97;20
135;98;20
135;99;20
135;100;20
136;0;1
136;1;1
136;2;1
136;3;1
136;4;1
136;5;1
136;6;1
136;7;1
136;8;1
136;9;1
136;10;1
136;11;1
136;12;1
136;13;1
136;14;1
136;15;1
136;16;1
136;17;1
136;18;1
136;19;1
136;20;1
136;21;1
136;22;1
136;23;1
136;24;1
136;25;1
136;26;1
136;27;1
136;28;1
136;29;1
136;30;1
136;31;1
136;32;1
136;33;1
136;34;1
136;35;1
136;36;1
136;37;1
136;38;1
136;39;1
136;40;1
136;41;1
136;42;1
136;43;1
136;44;1
136;45;1
136;46;1
136;47;1
136;48;1
136;49;1
136;50;1
136;51;1
136;52;1
136;53;1
136;54;1
136;55;1
136;56;1
136;57;1
136;58;1
136;59;1
136;60;1
136;61;1
136;62;1
136;63;1
136;64;1
136;65;1
136;66;1
136;67;1
136;68;1
136;69;1
136;70;1
136;71;1
136;72;1
136;73;1
136;74;1
136;75;1
136;76;1
136;77;10
136;78;10
136;79;10
136;80;10
136;81;10
136;82;10
136;83;10
136;84;10
136;85;10
136;86;1
136;87;1
136;88;1
136;89;1
136;90;1
136;91;1
136;92;1
136;93;1
136;94;1
136;95;1
136;96;20
136;97;20
136;98;20
136;99;20
136;100;20
137;0;1
137;1;1
137;2;1
137;3;1
137;4;1
137;5;1
137;6;1
137;7;1
137;8;1
137;9;1
137;10;1
137;11;1
137;12;1
137;13;1
137;14;1
137;15;1
137;16;1
137;17;1
137;18;1
137;19;1
137;20;1
137;21;1
137;22;1
137;23;1
137;24;1
137;25;1
137;26;1
137;27;1
137;28;1
137;29;1
137;30;1
137;31;1
137;32;1
137;33;1
137;34;1
137;35;1
137;36;1
137;37;1
137;38;1
137;39;1
137;40;1
137;41;1
137;42;1
137;43;1
137;44;1
137;45;1
137;46;1
137;47;1
137;48;1
137;49;1
137;50;1
137;51;1
137;52;1
137;53;1
137;54;1
137;55;1
137;56;1
137;57;1
137;58;1
137;59;1
137;60;1
137;61;1
137;62;1
137;63;1
137;64;1
137;65;1
137;66;1
137;67;1
137;68;1
137;69;1
137;70;1
137;71;1
137;72;1
137;73;1
137;74;1
137;75;1
137;76;1
137;77;10
137;78;10
137;79;10
137;80;10
137;81;10
137;82;10
137;83;10
137;84;10
137;85;10
137;86;1
137;87;1
137;88;1
137;89;1
137;90;1
137;91;1
137;92;1
137;93;1
137;94;1
137;95;1
137;96;20
137;97;20
137;98;20
137;99;20
137;100;20
138;0;1
138;1;1
138;2;1
138;3;1
138;4;1
138;5;1
138;6;1
138;7;1
138;8;1
138;9;1
138;10;1
138;11;1
138;12;1
138;13;1
138;14;1
138;15;1
138;16;1
138;17;1
138;18;1
138;19;1
138;20;1
138;21;1
138;22;1
138;23;1
138;24;1
138;25;1
138;26;1
138;27;1
138;28;1
138;29;1
138;30;1
138;31;1
138;32;1
138;33;1
138;34;1
138;35;1
138;36;1
138;37;1
138;38;1
138;39;1
138;40;1
138;41;1
138;42;1
138;43;1
138;44;1
138;45;1
138;46;1
138;47;1
138;48;1
138;49;1
138;50;1
138;51;1
138;52;1
138;53;1
138;54;1
138;55;1
138;56;1
138;57;1
138;58;1
138;59;1
138;60;1
138;61;1
138;62;1
138;63;1
138;64;1
138;65;1
138;66;1
138;67;1
138;68;1
138;69;1
138;70;1
138;71;1
138;72;1
138;73;1
138;74;1
138;75;1
138;76;1
138;77;10
138;78;10
138;79;10
138;80;10
138;81;10
138;82;10
138;83;10
138;84;10
138;85;10
138;86;1
138;87;1
138;88;1
138;89;1
138;90;1
138;91;1
138;92;1
138;93;1
138;94;1
138;95;1
138;96;20
138;97;20
138;98;20
138;99;20
138;100;20
139;0;1
139;1;1
139;2;1
139;3;1
139;4;1
139;5;1
139;6;1
139;7;1
139;8;1
139;9;1
139;10;1
139;11;1
139;12;1
139;13;1
139;14;1
139;15;1
139;16;1
139;17;1
139;18;1
139;19;1
139;20;1
139;21;1
139;22;1
139;23;1
139;24;1
139;25;1
139;26;1
139;27;1
139;28;1
139;29;1
139;30;1
139;31;1
139;32;1
139;33;1
139;34;1
139;35;1
139;36;1
139;37;1
139;38;1
139;39;1
139;40;1
139;41;1
139;42;1
139;43;1
139;44;1
139;45;1
139;46;1
139;47;1
139;48;1
139;49;1
139;50;1
139;51;1
139;52;1
139;53;1
139;54;1
139;55;1
139;56;1
139;57;1
139;58;1
139;59;1
139;60;1
139;61;1
139;62;1
139;63;1
139;64;1
139;65;1
139;66;1
139;67;1
139;68;1
139;69;1
139;70;1
139;71;1
139;72;1
139;73;1
139;74;1
139;75;1
139;76;1
139;77;10
139;78;10
139;79;10
139;80;10
139;81;10
139;82;10
139;83;10
139;84;10
139;85;10
139;86;1
139;87;1
139;88;1
139;89;1
139;90;1
139;91;1
139;92;1
139;93;1
139;94;1
139;95;1
139;96;20
139;97;20
139;98;20
139;99;10
139;100;10
140;0;1
140;1;1
140;2;1
140;3;1
140;4;1
140;5;1
140;6;1
140;7;1
140;8;1
140;9;1
140;10;1
140;11;1
140;12;1
140;13;1
140;14;1
140;15;1
140;16;1
140;17;1
140;18;1
140;19;1
140;20;1
140;21;1
140;22;1
140;23;1
140;24;1
140;25;1
140;26;1
140;27;1
140;28;1
140;29;1
140;30;1
140;31;1
140;32;1
140;33;1
140;34;1
140;35;1
140;36;1
140;37;1
140;38;1
140;39;1
140;40;1
140;41;1
140;42;1
140;43;1
140;44;1
140;45;1
140;46;1
140;47;1
140;48;1
140;49;1
140;50;1
140;51;1
140;52;1
140;53;1
140;54;1
140;55;1
140;56;1
140;57;1
140;58;1
140;59;1
140;60;1
140;61;1
140;62;1
140;63;1
140;64;1
140;65;1
140;66;1
140;67;1
140;68;1
140;69;1
140;70;1
140;71;1
140;72;1
140;73;1
140;74;1
140;75;1
140;76;1
140;77;10
140;78;10
140;79;10
140;80;10
140;81;10
140;82;10
140;83;10
140;84;10
140;85;10
140;86;1
140;87;1
140;88;1
140;89;1
140;90;1
140;91;1
140;92;1
140;93;1
140;94;1
140;95;1
140;96;20
140;97;20
140;98;20
140;99;10
140;100;10
141;0;1
141;1;1
141;2;1
141;3;1
141;4;1
141;5;1
141;6;1
141;7;1
141;8;1
141;9;1
141;10;1
141;11;1
141;12;1
141;13;1
141;14;1
141;15;1
141;16;1
141;17;1
141;18;1
141;19;1
141;20;1
141;21;1
141;22;1
141;23;1
141;24;1
141;25;1
141;26;1
141;27;1
141;28;1
141;29;1
141;30;1
141;31;1
141;32;1
141;33;1
141;34;1
141;35;1
141;36;1
141;37;1
141;38;1
141;39;1
141;40;1
141;41;1
141;42;1
141;43;1
141;44;1
141;45;1
141;46;1
141;47;1
141;48;1
141;49;1
141;50;1
141;51;1
141;52;1
141;53;1
141;54;1
141;55;1
141;56;1
141;57;1
141;58;1
141;59;1
141;60;1
141;61;1
141;62;1
141;63;1
141;64;1
141;65;1
141;66;1
141;67;1
141;68;1
141;69;1
141;70;1
141;71;1
141;72;1
141;73;1
141;74;1
141;75;1
141;76;1
141;77;10
141;78;10
141;79;10
141;80;10
141;81;10
141;82;10
141;83;10
141;84;10
141;85;10
141;86;1
141;87;1
141;88;1
141;89;1
141;90;1
141;91;1
141;92;1
141;93;1
141;94;1
141;95;1
141;96;10
141;97;10
141;98;10
141;99;10
141;100;10
142;0;1
142;1;1
142;2;1
142;3;1
142;4;1
142;5;1
142;6;1
142;7;1
142;8;1
142;9;1
142;10;1
142;11;1
142;12;1
142;13;1
142;14;1
142;15;1
142;16;1
142;17;1
142;18;1
142;19;1
142;20;1
142;21;1
142;22;1
142;23;1
142;24;1
142;25;1
142;26;1
142;27;1
142;28;1
142;29;1
142;30;1
142;31;1
142;32;1
142;33;1
142;34;1
142;35;1
142;36;1
142;37;1
142;38;1
142;39;1
142;40;1
142;41;1
142;42;1
142;43;1
142;44;1
142;45;1
142;46;1
142;47;1
142;48;1
142;49;1
142;50;1
142;51;1
142;52;1
142;53;1
142;54;1
142;55;1
142;56;1
142;57;1
142;58;1
142;59;1
142;60;1
142;61;1
142;62;1
142;63;1
142;64;1
142;65;1
142;66;1
142;67;1
142;68;1
142;69;1
142;70;1
142;71;1
142;72;1
142;73;1
142;74;1
142;75;1
142;76;1
142;77;10
142;78;10
142;79;10
142;80;10
142;81;10
142;82;10
142;83;10
142;84;10
142;85;10
142;86;1
142;87;1
142;88;1
142;89;1
142;90;1
142;91;1
142;92;1
142;93;1
142;94;1
142;95;1
142;96;10
142;97;10
142;98;10
142;99;10
142;100;10
143;0;1
143;1;1
143;2;1
143;3;1
143;4;1
143;5;1
143;6;1
143;7;1
143;8;1
143;9;1
143;10;1
143;11;1
143;12;1
143;13;1
143;14;1
143;15;1
143;16;1
143;17;1
143;18;1
143;19;1
143;20;1
143;21;1
143;22;1
143;23;1
143;24;1
143;25;1
143;26;1
143;27;1
143;28;1
143;29;1
143;30;1
143;31;1
143;32;1
143;33;1
143;34;1
143;35;1
143;36;1
143;37;1
143;38;1
143;39;1
143;40;1
143;41;1
143;42;1
143;43;1
143;44;1
143;45;1
143;46;1
143;47;1
143;48;1
143;49;1
143;50;1
143;51;1
143;52;1
143;53;1
143;54;1
143;55;1
143;56;1
143;57;1
143;58;1
143;59;1
143;60;1
143;61;1
143;62;1
143;63;1
143;64;1
143;65;1
143;66;1
143;67;1
143;68;1
143;69;1
143;70;1
143;71;1
143;72;1
143;73;1
143;74;1
143;75;1
143;76;1
143;77;10
143;78;10
143;79;10
143;80;10
143;81;10
143;82;10
143;83;1
143;84;10
143;85;10
143;86;1
143;87;1
143;88;1
143;89;1
143;90;1
143;91;1
143;92;1
143;93;1
143;94;1
143;95;1
143;96;10
143;97;10
143;98;10
143;99;10
143;100;10
144;0;1
144;1;1
144;2;1
144;3;1
144;4;1
144;5;1
144;6;1
144;7;1
144;8;1
144;9;1
144;10;1
144;11;1
144;12;1
144;13;1
144;14;1
144;15;1
144;16;1
144;17;1
144;18;1
144;19;1
144;20;1
144;21;1
144;22;1
144;23;1
144;24;1
144;25;1
144;26;1
144;27;1
144;28;1
144;29;1
144;30;1
144;31;1
144;32;1
144;33;1
144;34;1
144;35;1
144;36;1
144;37;1
144;38;1
144;39;1
144;40;1
144;41;1
144;42;1
144;43;1
144;44;1
144;45;1
144;46;1
144;47;1
144;48;1
144;49;1
144;50;1
144;51;1
144;52;1
144;53;1
144;54;1
144;55;1
144;56;1
144;57;1
144;58;1
144;59;1
144;60;1
144;61;1
144;62;1
144;63;1
144;64;1
144;65;1
144;66;1
144;67;1
144;68;1
144;69;1
144;70;1
144;71;1
144;72;1
144;73;1
144;74;1
144;75;1
144;76;1
144;77;10
144;78;10
144;79;10
144;80;10
144;81;10
144;82;10
144;83;10
144;84;10
144;85;10
144;86;1
144;87;1
144;88;1
144;89;1
144;90;1
144;91;1
144;92;1
144;93;1
144;94;1
144;95;1
144;96;10
144;97;10
144;98;10
144;99;10
144;100;10
145;0;1
145;1;1
145;2;1
145;3;1
145;4;1
145;5;1
145;6;1
145;7;1
145;8;1
145;9;1
145;10;1
145;11;1
145;12;1
145;13;1
145;14;1
145;15;1
145;16;1
145;17;1
145;18;1
145;19;1
145;20;1
145;21;1
145;22;1
145;23;1
145;24;1
145;25;1
145;26;1
145;27;1
145;28;1
145;29;1
145;30;1
145;31;1
145;32;1
145;33;1
145;34;1
145;35;1
145;36;1
145;37;1
145;38;1
145;39;1
145;40;1
145;41;1
145;42;1
145;43;1
145;44;1
145;45;1
145;46;1
145;47;1
145;48;1
145;49;1
145;50;1
145;51;1
145;52;1
145;53;1
145;54;1
145;55;1
145;56;1
145;57;1
145;58;1
145;59;1
145;60;1
145;61;1
145;62;1
145;63;1
145;64;1
145;65;1
145;66;1
145;67;1
145;68;1
145;69;1
145;70;1
145;71;1
145;72;1
145;73;1
145;74;1
145;75;1
145;76;10
145;77;10
145;78;10
145;79;10
145;80;10
145;81;10
145;82;10
145;83;10
145;84;10
145;85;10
145;86;1
145;87;1
145;88;1
145;89;1
145;90;1
145;91;1
145;92;1
145;93;1
145;94;1
145;95;1
145;96;10
145;97;10
145;98;10
145;99;10
145;100;10
146;0;1
146;1;1
146;2;1
146;3;1
146;4;1
146;5;1
146;6;1
146;7;1
146;8;1
146;9;1
146;10;1
146;11;1
146;12;1
146;13;1
146;14;1
146;15;1
146;16;1
146;17;1
146;18;1
146;19;1
146;20;1
146;21;1
146;22;1
146;23;1
146;24;1
146;25;1
146;26;1
146;27;1
146;28;1
146;29;1
146;30;1
146;31;1
146;32;1
146;33;1
146;34;1
146;35;1
146;36;1
146;37;1
146;38;1
146;39;1
146;40;1
146;41;1
146;42;1
146;43;1
146;44;1
146;45;1
146;46;1
146;47;1
146;48;1
146;49;1
146;50;1
146;51;1
146;52;1
146;53;1
146;54;1
146;55;1
146;56;1
146;57;1
146;58;1
146;59;1
146;60;1
146;61;1
146;62;1
146;63;1
146;64;1
146;65;1
146;66;1
146;67;1
146;68;1
146;69;1
146;70;1
146;71;1
146;72;1
146;73;1
146;74;1
146;75;1
146;76;10
146;77;10
146;78;10
146;79;10
146;80;10
146;81;10
146;82;10
146;83;10
146;84;10
146;85;10
146;86;1
146;87;1
146;88;1
146;89;1
146;90;1
146;91;1
146;92;1
146;93;1
146;94;1
146;95;1
146;96;10
146;97;10
146;98;10
146;99;10
146;100;10
147;0;1
147;1;1
147;2;1
147;3;1
147;4;1
147;5;1
147;6;1
147;7;1
147;8;1
147;9;1
147;10;1
147;11;1
147;12;1
147;13;1
147;14;1
147;15;1
147;16;1
147;17;1
147;18;1
147;19;1
147;20;1
147;21;1
147;22;1
147;23;1
147;24;1
147;25;1
147;26;1
147;27;1
147;28;1
147;29;1
147;30;1
147;31;1
147;32;1
147;33;1
147;34;1
147;35;1
147;36;1
147;37;1
147;38;1
147;39;1
147;40;1
147;41;1
147;42;1
147;43;1
147;44;1
147;45;1
147;46;1
147;47;1
147;48;1
147;49;1
147;50;1
147;51;1
147;52;1
147;53;1
147;54;1
147;55;1
147;56;1
147;57;1
147;58;1
147;59;1
147;60;1
147;61;1
147;62;1
147;63;1
147;64;1
147;65;1
147;66;1
147;67;1
147;68;1
147;69;1
147;70;1
147;71;1
147;72;1
147;73;1
147;74;10
147;75;10
147;76;10
147;77;10
147;78;10
147;79;10
147;80;10
147;81;1
147;82;10
147;83;10
147;84;10
147;85;10
147;86;1
147;87;1
147;88;1
147;89;1
147;90;1
147;91;1
147;92;1
147;93;1
147;94;1
147;95;1
147;96;10
147;97;10
147;98;10
147;99;10
147;100;10
148;0;1
148;1;1
148;2;1
148;3;1
148;4;1
148;5;1
148;6;1
148;7;1
148;8;1
148;9;1
148;10;1
148;11;1
148;12;1
148;13;1
148;14;1
148;15;1
148;16;1
148;17;1
148;18;1
148;19;1
148;20;1
148;21;1
148;22;1
148;23;1
148;24;1
148;25;1
148;26;1
148;27;1
148;28;1
148;29;1
148;30;1
148;31;1
148;32;1
148;33;1
148;34;1
148;35;1
148;36;1
148;37;1
148;38;1
148;39;1
148;40;1
148;41;1
148;42;1
148;43;1
148;44;1
148;45;1
148;46;1
148;47;1
148;48;1
148;49;1
148;50;1
148;51;1
148;52;1
148;53;1
148;54;1
148;55;1
148;56;1
148;57;1
148;58;1
148;59;1
148;60;1
148;61;1
148;62;1
148;63;1
148;64;1
148;65;1
148;66;1
148;67;1
148;68;1
148;69;1
148;70;1
148;71;1
148;72;1
148;73;1
148;74;10
148;75;10
148;76;10
148;77;10
148;78;10
148;79;10
148;80;10
148;81;10
148;82;10
148;83;10
148;84;10
148;85;10
148;86;1
148;87;1
148;88;1
148;89;1
148;90;1
148;91;1
148;92;1
148;93;1
148;94;1
148;95;1
148;96;10
148;97;10
148;98;10
148;99;10
148;100;10
149;0;1
149;1;1
149;2;1
149;3;1
149;4;1
149;5;1
149;6;1
149;7;1
149;8;1
149;9;1
149;10;1
149;11;1
149;12;1
149;13;1
149;14;1
149;15;1
149;16;1
149;17;1
149;18;1
149;19;1
149;20;1
149;21;1
149;22;1
149;23;1
149;24;1
149;25;1
149;26;1
149;27;1
149;28;1
149;29;1
149;30;1
149;31;1
149;32;1
149;33;1
149;34;1
149;35;1
149;36;1
149;37;1
149;38;1
149;39;1
149;40;1
149;41;1
149;42;1
149;43;1
149;44;1
149;45;1
149;46;1
149;47;1
149;48;1
149;49;1
149;50;1
149;51;1
149;52;1
149;53;1
149;54;1
149;55;1
149;56;1
149;57;1
149;58;1
149;59;1
149;60;1
149;61;1
149;62;1
149;63;1
149;64;1
149;65;1
149;66;1
149;67;1
149;68;1
149;69;1
149;70;1
149;71;1
149;72;1
149;73;1
149;74;10
149;75;10
149;76;10
149;77;10
149;78;10
149;79;10
149;80;10
149;81;10
149;82;10
149;83;10
149;84;10
149;85;10
149;86;1
149;87;1
149;88;1
149;89;1
149;90;1
149;91;1
149;92;1
149;93;1
149;94;1
149;95;1
149;96;10
149;97;10
149;98;10
149;99;10
149;100;10
150;0;1
150;1;1
150;2;1
150;3;1
150;4;1
150;5;1
150;6;1
150;7;1
150;8;1
150;9;1
150;10;1
150;11;1
150;12;1
150;13;1
150;14;1
150;15;1
150;16;1
150;17;1
150;18;1
150;19;1
150;20;1
150;21;1
150;22;1
150;23;1
150;24;1
150;25;1
150;26;1
150;27;1
150;28;1
150;29;1
150;30;1
150;31;1
150;32;1
150;33;1
150;34;1
150;35;1
150;36;1
150;37;1
150;38;1
150;39;1
150;40;1
150;41;1
150;42;1
150;43;1
150;44;1
150;45;1
150;46;1
150;47;1
150;48;1
150;49;1
150;50;1
150;51;1
150;52;1
150;53;1
150;54;1
150;55;1
150;56;1
150;57;1
150;58;1
150;59;1
150;60;1
150;61;1
150;62;1
150;63;1
150;64;1
150;65;1
150;66;1
150;67;1
150;68;1
150;69;1
150;70;1
150;71;1
150;72;1
150;73;1
150;74;10
150;75;10
150;76;10
150;77;10
150;78;10
150;79;10
150;80;10
150;81;10
150;82;10
150;83;10
150;84;10
150;85;10
150;86;1
150;87;1
150;88;1
150;89;1
150;90;1
150;91;1
150;92;1
150;93;1
150;94;1
150;95;1
150;96;10
150;97;10
150;98;10
150;99;10
150;100;10
151;0;1
151;1;1
151;2;1
151;3;1
151;4;1
151;5;1
151;6;1
151;7;1
151;8;1
151;9;1
151;10;1
151;11;1
151;12;1
151;13;1
151;14;1
151;15;1
151;16;1
151;17;1
151;18;1
151;19;1
151;20;1
151;21;1
151;22;1
151;23;1
151;24;1
151;25;1
151;26;1
151;27;1
151;28;1
151;29;1
151;30;1
151;31;1
151;32;1
151;33;1
151;34;1
151;35;1
151;36;1
151;37;1
151;38;1
151;39;1
151;40;1
151;41;1
151;42;1
151;43;1
151;44;1
151;45;1
151;46;1
151;47;1
151;48;1
151;49;1
151;50;1
151;51;1
151;52;1
151;53;1
151;54;1
151;55;1
151;56;1
151;57;1
151;58;1
151;59;1
151;60;1
151;61;1
151;62;1
151;63;1
151;64;1
151;65;1
151;66;1
151;67;1
151;68;1
151;69;1
151;70;1
151;71;1
151;72;1
151;73;1
151;74;10
151;75;10
151;76;10
151;77;10
151;78;10
151;79;10
151;80;10
151;81;10
151;82;10
151;83;10
151;84;10
151;85;10
151;86;1
151;87;1
151;88;1
151;89;1
151;90;1
151;91;1
151;92;1
151;93;1
151;94;1
151;95;1
151;96;10
151;97;10
151;98;10
151;99;10
151;100;10
152;0;1
152;1;1
152;2;1
152;3;1
152;4;1
152;5;1
152;6;1
152;7;1
152;8;1
152;9;1
152;10;1
152;11;1
152;12;1
152;13;1
152;14;1
152;15;1
152;16;1
152;17;1
152;18;1
152;19;1
152;20;1
152;21;1
152;22;1
152;23;1
152;24;1
152;25;1
152;26;1
152;27;1
152;28;1
152;29;1
152;30;1
152;31;1
152;32;1
152;33;1
152;34;1
152;35;1
152;36;1
152;37;1
152;38;1
152;39;1
152;40;1
152;41;1
152;42;1
152;43;1
152;44;1
152;45;1
152;46;1
152;47;1
152;48;1
152;49;1
152;50;1
152;51;1
152;52;1
152;53;1
152;54;1
152;55;1
152;56;1
152;57;1
152;58;1
152;59;1
152;60;1
152;61;1
152;62;1
152;63;1
152;64;1
152;65;1
152;66;1
152;67;1
152;68;1
152;69;1
152;70;1
152;71;1
152;72;1
152;73;1
152;74;10
152;75;10
152;76;10
152;77;10
152;78;10
152;79;10
152;80;10
152;81;10
152;82;10
152;83;10
152;84;10
152;85;10
152;86;1
152;87;1
152;88;1
152;89;1
152;90;1
152;91;1
152;92;1
152;93;1
152;94;1
152;95;1
152;96;10
152;97;10
152;98;10
152;99;10
152;100;10
153;0;1
153;1;1
153;2;1
153;3;1
153;4;1
153;5;1
153;6;1
153;7;1
153;8;1
153;9;1
153;10;1
153;11;1
153;12;1
153;13;1
153;14;1
153;15;1
153;16;1
153;17;1
153;18;1
153;19;1
153;20;1
153;21;1
153;22;1
153;23;1
153;24;1
153;25;1
153;26;1
153;27;1
153;28;1
153;29;1
153;30;1
153;31;1
153;32;1
153;33;1
153;34;1
153;35;1
153;36;1
153;37;1
153;38;1
153;39;1
153;40;1
153;41;1
153;42;1
153;43;1
153;44;1
153;45;1
153;46;1
153;47;1
153;48;1
153;49;1
153;50;1
153;51;1
153;52;1
153;53;1
153;54;1
153;55;1
153;56;1
153;57;1
153;58;1
153;59;1
153;60;1
153;61;1
153;62;1
153;63;1
153;64;1
153;65;1
153;66;1
153;67;1
153;68;1
153;69;1
153;70;1
153;71;1
153;72;1
153;73;1
153;74;10
153;75;10
153;76;10
153;77;10
153;78;10
153;79;10
153;80;10
153;81;10
153;82;10
153;83;10
153;84;10
153;85;10
153;86;1
153;87;1
153;88;1
153;89;1
153;90;1
153;91;1
153;92;1
153;93;1
153;94;1
153;95;1
153;96;10
153;97;10
153;98;10
153;99;10
153;100;10
154;0;1
154;1;1
154;2;1
154;3;1
154;4;1
154;5;1
154;6;1
154;7;1
154;8;1
154;9;1
154;10;1
154;11;1
154;12;1
154;13;1
154;14;1
154;15;1
154;16;1
154;17;1
154;18;1
154;19;1
154;20;1
154;21;1
154;22;1
154;23;1
154;24;1
154;25;1
154;26;1
154;27;1
154;28;1
154;29;1
154;30;1
154;31;1
154;32;1
154;33;1
154;34;1
154;35;1
154;36;1
154;37;1
154;38;1
154;39;1
154;40;1
154;41;1
154;42;1
154;43;1
154;44;1
154;45;1
154;46;1
154;47;1
154;48;1
154;49;1
154;50;1
154;51;1
154;52;1
154;53;1
154;54;1
154;55;1
154;56;1
154;57;1
154;58;1
154;59;1
154;60;1
154;61;1
154;62;1
154;63;1
154;64;1
154;65;1
154;66;1
154;67;1
154;68;1
154;69;1
154;70;1
154;71;1
154;72;1
154;73;1
154;74;10
154;75;10
154;76;10
154;77;10
154;78;10
154;79;10
154;80;10
154;81;10
154;82;10
154;83;10
154;84;10
154;85;10
154;86;1
154;87;1
154;88;1
154;89;1
154;90;1
154;91;1
154;92;1
154;93;1
154;94;1
154;95;1
154;96;10
154;97;10
154;98;10
154;99;10
154;100;10
155;0;1
155;1;1
155;2;1
155;3;1
155;4;1
155;5;1
155;6;1
155;7;1
155;8;1
155;9;1
155;10;1
155;11;1
155;12;1
155;13;1
155;14;1
155;15;1
155;16;1
155;17;1
155;18;1
155;19;1
155;20;1
155;21;1
155;22;1
155;23;1
155;24;1
155;25;1
155;26;1
155;27;1
155;28;1
155;29;1
155;30;1
155;31;1
155;32;1
155;33;1
155;34;1
155;35;1
155;36;1
155;37;1
155;38;1
155;39;1
155;40;1
155;41;1
155;42;1
155;43;1
155;44;1
155;45;1
155;46;1
155;47;1
155;48;1
155;49;1
155;50;1
155;51;1
155;52;1
155;53;1
155;54;1
155;55;1
155;56;1
155;57;1
155;58;1
155;59;1
155;60;1
155;61;1
155;62;1
155;63;1
155;64;1
155;65;1
155;66;1
155;67;1
155;68;1
155;69;1
155;70;1
155;71;1
155;72;1
155;73;10
155;74;10
155;75;10
155;76;10
155;77;10
155;78;10
155;79;10
155;80;10
155;81;10
155;82;10
155;83;10
155;84;10
155;85;10
155;86;1
155;87;1
155;88;1
155;89;1
155;90;1
155;91;1
155;92;1
155;93;1
155;94;1
155;95;1
155;96;10
155;97;10
155;98;10
155;99;10
155;100;10
156;0;1
156;1;1
156;2;1
156;3;1
156;4;1
156;5;1
156;6;1
156;7;1
156;8;1
156;9;1
156;10;1
156;11;1
156;12;1
156;13;1
156;14;1
156;15;1
156;16;1
156;17;1
156;18;1
156;19;1
156;20;1
156;21;1
156;22;1
156;23;1
156;24;1
156;25;1
156;26;1
156;27;1
156;28;1
156;29;1
156;30;1
156;31;1
156;32;1
156;33;1
156;34;1
156;35;1
156;36;1
156;37;1
156;38;1
156;39;1
156;40;1
156;41;1
156;42;1
156;43;1
156;44;1
156;45;1
156;46;1
156;47;1
156;48;1
156;49;1
156;50;1
156;51;1
156;52;1
156;53;1
156;54;1
156;55;1
156;56;1
156;57;1
156;58;1
156;59;1
156;60;1
156;61;1
156;62;1
156;63;1
156;64;1
156;65;1
156;66;1
156;67;1
156;68;1
156;69;1
156;70;1
156;71;1
156;72;10
156;73;10
156;74;10
156;75;10
156;76;10
156;77;10
156;78;10
156;79;10
156;80;10
156;81;10
156;82;10
156;83;10
156;84;10
156;85;10
156;86;1
156;87;1
156;88;1
156;89;1
156;90;1
156;91;1
156;92;1
156;93;1
156;94;1
156;95;1
156;96;10
156;97;10
156;98;10
156;99;10
156;100;10
157;0;1
157;1;1
157;2;1
157;3;1
157;4;1
157;5;1
157;6;1
157;7;1
157;8;1
157;9;1
157;10;1
157;11;1
157;12;1
157;13;1
157;14;1
157;15;1
157;16;1
157;17;1
157;18;1
157;19;1
157;20;1
157;21;1
157;22;1
157;23;1
157;24;1
157;25;1
157;26;1
157;27;1
157;28;1
157;29;1
157;30;1
157;31;1
157;32;1
157;33;1
157;34;1
157;35;1
157;36;1
157;37;1
157;38;1
157;39;1
157;40;1
157;41;1
157;42;1
157;43;1
157;44;1
157;45;1
157;46;1
157;47;1
157;48;1
157;49;1
157;50;1
157;51;1
157;52;1
157;53;1
157;54;1
157;55;1
157;56;1
157;57;1
157;58;1
157;59;1
157;60;1
157;61;1
157;62;1
157;63;1
157;64;1
157;65;1
157;66;1
157;67;1
157;68;1
157;69;1
157;70;1
157;71;1
157;72;10
157;73;10
157;74;10
157;75;10
157;76;10
157;77;10
157;78;10
157;79;10
157;80;10
157;81;10
157;82;10
157;83;10
157;84;10
157;85;10
157;86;1
157;87;1
157;88;1
157;89;1
157;90;1
157;91;1
157;92;1
157;93;1
157;94;1
157;95;1
157;96;10
157;97;10
157;98;10
157;99;10
157;100;10
158;0;1
158;1;1
158;2;1
158;3;1
158;4;1
158;5;1
158;6;1
158;7;1
158;8;1
158;9;1
158;10;1
158;11;1
158;12;1
158;13;1
158;14;1
158;15;1
158;16;1
158;17;1
158;18;1
158;19;1
158;20;1
158;21;1
158;22;1
158;23;1
158;24;1
158;25;1
158;26;1
158;27;1
158;28;1
158;29;1
158;30;1
158;31;1
158;32;1
158;33;1
158;34;1
158;35;1
158;36;1
158;37;1
158;38;1
158;39;1
158;40;1
158;41;1
158;42;1
158;43;1
158;44;1
158;45;1
158;46;1
158;47;1
158;48;1
158;49;1
158;50;1
158;51;1
158;52;1
158;53;1
158;54;1
158;55;1
158;56;1
158;57;1
158;58;1
158;59;1
158;60;1
158;61;1
158;62;1
158;63;1
158;64;1
158;65;1
158;66;1
158;67;1
158;68;1
158;69;1
158;70;1
158;71;1
158;72;10
158;73;10
158;74;10
158;75;10
158;76;10
158;77;10
158;78;10
158;79;10
158;80;10
158;81;10
158;82;10
158;83;10
158;84;10
158;85;10
158;86;1
158;87;1
158;88;1
158;89;1
158;90;1
158;91;1
158;92;1
158;93;1
158;94;1
158;95;1
158;96;10
158;97;10
158;98;10
158;99;10
158;100;10
159;0;1
159;1;1
159;2;1
159;3;1
159;4;1
159;5;1
159;6;1
159;7;1
159;8;1
159;9;1
159;10;1
159;11;1
159;12;1
159;13;1
159;14;1
159;15;1
159;16;1
159;17;1
159;18;1
159;19;1
159;20;1
159;21;1
159;22;1
159;23;1
159;24;1
159;25;1
159;26;1
159;27;1
159;28;1
159;29;1
159;30;1
159;31;1
159;32;1
159;33;1
159;34;1
159;35;1
159;36;1
159;37;1
159;38;1
159;39;1
159;40;1
159;41;1
159;42;1
159;43;1
159;44;1
159;45;1
159;46;1
159;47;1
159;48;1
159;49;1
159;50;1
159;51;1
159;52;1
159;53;1
159;54;1
159;55;1
159;56;1
159;57;1
159;58;1
159;59;1
159;60;1
159;61;1
159;62;1
159;63;1
159;64;1
159;65;1
159;66;1
159;67;1
159;68;1
159;69;1
159;70;1
159;71;1
159;72;10
159;73;10
159;74;10
159;75;10
159;76;10
159;77;10
159;78;10
159;79;10
159;80;10
159;81;10
159;82;10
159;83;10
159;84;10
159;85;10
159;86;1
159;87;1
159;88;1
159;89;10
159;90;10
159;91;1
159;92;1
159;93;1
159;94;10
159;95;10
159;96;10
159;97;10
159;98;10
159;99;10
159;100;10
160;0;1
160;1;1
160;2;1
160;3;1
160;4;1
160;5;1
160;6;1
160;7;1
160;8;1
160;9;1
160;10;1
160;11;1
160;12;1
160;13;1
160;14;1
160;15;1
160;16;1
160;17;1
160;18;1
160;19;1
160;20;1
160;21;1
160;22;1
160;23;1
160;24;1
160;25;1
160;26;1
160;27;1
160;28;1
160;29;1
160;30;1
160;31;1
160;32;1
160;33;1
160;34;1
160;35;1
160;36;1
160;37;1
160;38;1
160;39;1
160;40;1
160;41;1
160;42;1
160;43;1
160;44;1
160;45;1
160;46;1
160;47;1
160;48;1
160;49;1
160;50;1
160;51;1
160;52;1
160;53;1
160;54;1
160;55;1
160;56;1
160;57;1
160;58;1
160;59;1
160;60;1
160;61;1
160;62;1
160;63;1
160;64;1
160;65;1
160;66;1
160;67;1
160;68;1
160;69;1
160;70;1
160;71;1
160;72;10
160;73;10
160;74;10
160;75;10
160;76;10
160;77;10
160;78;10
160;79;10
160;80;10
160;81;10
160;82;10
160;83;10
160;84;10
160;85;10
160;86;1
160;87;1
160;88;1
160;89;10
160;90;10
160;91;1
160;92;1
160;93;1
160;94;10
160;95;10
160;96;10
160;97;10
160;98;10
160;99;10
160;100;10
161;0;1
161;1;1
161;2;1
161;3;1
161;4;1
161;5;1
161;6;1
161;7;1
161;8;1
161;9;1
161;10;1
161;11;1
161;12;1
161;13;1
161;14;1
161;15;1
161;16;1
161;17;1
161;18;1
161;19;1
161;20;1
161;21;1
161;22;1
161;23;1
161;24;1
161;25;1
161;26;1
161;27;1
161;28;1
161;29;1
161;30;1
161;31;1
161;32;1
161;33;1
161;34;1
161;35;1
161;36;1
161;37;1
161;38;1
161;39;1
161;40;1
161;41;1
161;42;1
161;43;1
161;44;1
161;45;1
161;46;1
161;47;1
161;48;1
161;49;1
161;50;1
161;51;1
161;52;1
161;53;1
161;54;1
161;55;1
161;56;1
161;57;1
161;58;1
161;59;1
161;60;1
161;61;1
161;62;1
161;63;1
161;64;1
161;65;1
161;66;1
161;67;1
161;68;1
161;69;1
161;70;1
161;71;1
161;72;10
161;73;10
161;74;10
161;75;10
161;76;10
161;77;10
161;78;10
161;79;10
161;80;10
161;81;10
161;82;10
161;83;10
161;84;10
161;85;10
161;86;10
161;87;10
161;88;10
161;89;10
161;90;10
161;91;10
161;92;10
161;93;10
161;94;10
161;95;10
161;96;10
161;97;10
161;98;10
161;99;10
161;100;10
162;0;1
162;1;1
162;2;1
162;3;1
162;4;1
162;5;1
162;6;1
162;7;1
162;8;1
162;9;1
162;10;1
162;11;1
162;12;1
162;13;1
162;14;1
162;15;1
162;16;1
162;17;1
162;18;1
162;19;1
162;20;1
162;21;1
162;22;1
162;23;1
162;24;1
162;25;1
162;26;1
162;27;1
162;28;1
162;29;1
162;30;1
162;31;1
162;32;1
162;33;1
162;34;1
162;35;1
162;36;1
162;37;1
162;38;1
162;39;1
162;40;1
162;41;1
162;42;1
162;43;1
162;44;1
162;45;1
162;46;1
162;47;1
162;48;1
162;49;1
162;50;1
162;51;1
162;52;1
162;53;1
162;54;1
162;55;1
162;56;1
162;57;1
162;58;1
162;59;1
162;60;1
162;61;1
162;62;1
162;63;1
162;64;1
162;65;1
162;66;1
162;67;1
162;68;1
162;69;1
162;70;1
162;71;1
162;72;10
162;73;10
162;74;10
162;75;10
162;76;10
162;77;10
162;78;10
162;79;10
162;80;10
162;81;10
162;82;10
162;83;10
162;84;10
162;85;10
162;86;10
162;87;10
162;88;10
162;89;10
162;90;10
162;91;10
162;92;10
162;93;10
162;94;10
162;95;10
162;96;10
162;97;10
162;98;10
162;99;10
162;100;10
163;0;1
163;1;1
163;2;1
163;3;1
163;4;1
163;5;1
163;6;1
163;7;1
163;8;1
163;9;1
163;10;1
163;11;1
163;12;1
163;13;1
163;14;1
163;15;1
163;16;1
163;17;1
163;18;1
163;19;1
163;20;1
163;21;1
163;22;1
163;23;1
163;24;1
163;25;1
163;26;1
163;27;1
163;28;1
163;29;1
163;30;1
163;31;1
163;32;1
163;33;1
163;34;1
163;35;1
163;36;1
163;37;1
163;38;1
163;39;1
163;40;1
163;41;1
163;42;1
163;43;1
163;44;1
163;45;1
163;46;1
163;47;1
163;48;1
163;49;1
163;50;1
163;51;1
163;52;1
163;53;1
163;54;1
163;55;1
163;56;1
163;57;1
163;58;1
163;59;1
163;60;1
163;61;1
163;62;1
163;63;1
163;64;1
163;65;1
163;66;1
163;67;1
163;68;1
163;69;1
163;70;1
163;71;1
163;72;10
163;73;10
163;74;10
163;75;10
163;76;10
163;77;10
163;78;10
163;79;10
163;80;10
163;81;10
163;82;10
163;83;10
163;84;10
163;85;10
163;86;10
163;87;10
163;88;10
163;89;10
163;90;10
163;91;10
163;92;10
163;93;10
163;94;10
163;95;10
163;96;10
163;97;10
163;98;10
163;99;10
163;100;10
164;0;1
164;1;1
164;2;1
164;3;1
164;4;1
164;5;1
164;6;1
164;7;1
164;8;1
164;9;1
164;10;1
164;11;1
164;12;1
164;13;1
164;14;1
164;15;1
164;16;1
164;17;1
164;18;1
164;19;1
164;20;1
164;21;1
164;22;1
164;23;1
164;24;1
164;25;1
164;26;1
164;27;1
164;28;1
164;29;1
164;30;1
164;31;1
164;32;1
164;33;1
164;34;1
164;35;1
164;36;1
164;37;1
164;38;1
164;39;1
164;40;1
164;41;1
164;42;1
164;43;1
164;44;1
164;45;1
164;46;1
164;47;1
164;48;1
164;49;1
164;50;1
164;51;1
164;52;1
164;53;1
164;54;1
164;55;1
164;56;1
164;57;1
164;58;1
164;59;1
164;60;1
164;61;1
164;62;1
164;63;1
164;64;1
164;65;1
164;66;1
164;67;1
164;68;1
164;69;1
164;70;1
164;71;1
164;72;10
164;73;10
164;74;10
164;75;10
164;76;10
164;77;10
164;78;10
164;79;10
164;80;10
164;81;10
164;82;10
164;83;10
164;84;10
164;85;10
164;86;10
164;87;10
164;88;10
164;89;10
164;90;10
164;91;10
164;92;10
164;93;10
164;94;10
164;95;10
164;96;10
164;97;10
164;98;10
164;99;10
164;100;10
165;0;1
165;1;1
165;2;1
165;3;1
165;4;1
165;5;1
165;6;1
165;7;1
165;8;1
165;9;1
165;10;1
165;11;1
165;12;1
165;13;1
165;14;1
165;15;1
165;16;1
165;17;1
165;18;1
165;19;1
165;20;1
165;21;1
165;22;1
165;23;1
165;24;1
165;25;1
165;26;1
165;27;1
165;28;1
165;29;1
165;30;1
165;31;1
165;32;1
165;33;1
165;34;1
165;35;1
165;36;1
165;37;1
165;38;1
165;39;1
165;40;1
165;41;1
165;42;1
165;43;1
165;44;1
165;45;1
165;46;1
165;47;1
165;48;1
165;49;1
165;50;1
165;51;1
165;52;1
165;53;1
165;54;1
165;55;1
165;56;1
165;57;1
165;58;1
165;59;1
165;60;1
165;61;1
165;62;1
165;63;1
165;64;1
165;65;1
165;66;1
165;67;1
165;68;1
165;69;1
165;70;1
165;71;10
165;72;10
165;73;10
165;74;10
165;75;10
165;76;10
165;77;10
165;78;10
165;79;10
165;80;10
165;81;10
165;82;10
165;83;10
165;84;10
165;85;10
165;86;10
165;87;10
165;88;10
165;89;10
165;90;10
165;91;10
165;92;10
165;93;10
165;94;10
165;95;10
165;96;10
165;97;10
165;98;10
165;99;10
165;100;10
166;0;1
166;1;1
166;2;1
166;3;1
166;4;1
166;5;1
166;6;1
166;7;1
166;8;1
166;9;1
166;10;1
166;11;1
166;12;1
166;13;1
166;14;1
166;15;1
166;16;1
166;17;1
166;18;1
166;19;1
166;20;1
166;21;1
166;22;1
166;23;1
166;24;1
166;25;1
166;26;1
166;27;1
166;28;1
166;29;1
166;30;1
166;31;1
166;32;1
166;33;1
166;34;1
166;35;1
166;36;1
166;37;1
166;38;1
166;39;1
166;40;1
166;41;1
166;42;1
166;43;1
166;44;1
166;45;1
166;46;1
166;47;1
166;48;1
166;49;1
166;50;1
166;51;1
166;52;1
166;53;1
166;54;1
166;55;1
166;56;1
166;57;1
166;58;1
166;59;1
166;60;1
166;61;1
166;62;1
166;63;1
166;64;1
166;65;1
166;66;1
166;67;1
166;68;1
166;69;1
166;70;1
166;71;10
166;72;10
166;73;10
166;74;10
166;75;10
166;76;10
166;77;10
166;78;10
166;79;10
166;80;10
166;81;10
166;82;10
166;83;10
166;84;10
166;85;10
166;86;10
166;87;10
166;88;10
166;89;10
166;90;10
166;91;10
166;92;10
166;93;10
166;94;10
166;95;10
166;96;10
166;97;10
166;98;10
166;99;10
166;100;10
167;0;1
167;1;1
167;2;1
167;3;1
167;4;1
167;5;1
167;6;1
167;7;1
167;8;1
167;9;1
167;10;1
167;11;1
167;12;1
167;13;1
167;14;1
167;15;1
167;16;1
167;17;1
167;18;1
167;19;1
167;20;1
167;21;1
167;22;1
167;23;1
167;24;1
167;25;1
167;26;1
167;27;1
167;28;1
167;29;1
167;30;1
167;31;1
167;32;1
167;33;1
167;34;1
167;35;1
167;36;1
167;37;1
167;38;1
167;39;1
167;40;1
167;41;1
167;42;1
167;43;1
167;44;1
167;45;1
167;46;1
167;47;1
167;48;1
167;49;1
167;50;1
167;51;1
167;52;1
167;53;1
167;54;1
167;55;1
167;56;1
167;57;1
167;58;1
167;59;1
167;60;1
167;61;1
167;62;1
167;63;1
167;64;1
167;65;1
167;66;1
167;67;1
167;68;1
167;69;10
167;70;10
167;71;10
167;72;10
167;73;10
167;74;10
167;75;10
167;76;1
167;77;10
167;78;10
167;79;10
167;80;10
167;81;10
167;82;10
167;83;10
167;84;10
167;85;10
167;86;10
167;87;10
167;88;10
167;89;10
167;90;10
167;91;10
167;92;10
167;93;10
167;94;10
167;95;10
167;96;10
167;97;10
167;98;10
167;99;10
167;100;10
168;0;1
168;1;1
168;2;1
168;3;1
168;4;1
168;5;1
168;6;1
168;7;1
168;8;1
168;9;1
168;10;1
168;11;1
168;12;1
168;13;1
168;14;1
168;15;1
168;16;1
168;17;1
168;18;1
168;19;1
168;20;1
168;21;1
168;22;1
168;23;1
168;24;1
168;25;1
168;26;1
168;27;1
168;28;1
168;29;1
168;30;1
168;31;1
168;32;1
168;33;1
168;34;1
168;35;1
168;36;1
168;37;1
168;38;1
168;39;1
168;40;1
168;41;1
168;42;1
168;43;1
168;44;1
168;45;1
168;46;1
168;47;1
168;48;1
168;49;1
168;50;1
168;51;1
168;52;1
168;53;1
168;54;1
168;55;1
168;56;1
168;57;1
168;58;1
168;59;1
168;60;1
168;61;1
168;62;1
168;63;1
168;64;1
168;65;1
168;66;1
168;67;1
168;68;1
168;69;10
168;70;10
168;71;10
168;72;10
168;73;10
168;74;10
168;75;10
168;76;10
168;77;10
168;78;10
168;79;10
168;80;10
168;81;10
168;82;10
168;83;10
168;84;10
168;85;10
168;86;10
168;87;10
168;88;10
168;89;10
168;90;10
168;91;10
168;92;10
168;93;10
168;94;10
168;95;10
168;96;10
168;97;10
168;98;10
168;99;10
168;100;10
169;0;1
169;1;1
169;2;1
169;3;1
169;4;1
169;5;1
169;6;1
169;7;1
169;8;1
169;9;1
169;10;1
169;11;1
169;12;1
169;13;1
169;14;1
169;15;1
169;16;1
169;17;1
169;18;1
169;19;1
169;20;1
169;21;1
169;22;1
169;23;1
169;24;1
169;25;1
169;26;1
169;27;1
169;28;1
169;29;1
169;30;1
169;31;1
169;32;1
169;33;1
169;34;1
169;35;1
169;36;1
169;37;1
169;38;1
169;39;1
169;40;1
169;41;1
169;42;1
169;43;1
169;44;1
169;45;1
169;46;1
169;47;1
169;48;1
169;49;1
169;50;1
169;51;1
169;52;1
169;53;1
169;54;1
169;55;1
169;56;1
169;57;1
169;58;1
169;59;1
169;60;1
169;61;1
169;62;1
169;63;1
169;64;1
169;65;1
169;66;1
169;67;1
169;68;1
169;69;10
169;70;10
169;71;10
169;72;10
169;73;10
169;74;10
169;75;10
169;76;10
169;77;10
169;78;10
169;79;10
169;80;10
169;81;10
169;82;10
169;83;10
169;84;10
169;85;10
169;86;10
169;87;10
169;88;10
169;89;10
169;90;10
169;91;10
169;92;10
169;93;10
169;94;10
169;95;10
169;96;10
169;97;10
169;98;10
169;99;10
169;100;10
170;0;1
170;1;1
170;2;1
170;3;1
170;4;1
170;5;1
170;6;1
170;7;1
170;8;1
170;9;1
170;10;1
170;11;1
170;12;1
170;13;1
170;14;1
170;15;1
170;16;1
170;17;1
170;18;1
170;19;1
170;20;1
170;21;1
170;22;1
170;23;1
170;24;1
170;25;1
170;26;1
170;27;1
170;28;1
170;29;1
170;30;1
170;31;1
170;32;1
170;33;1
170;34;1
170;35;1
170;36;1
170;37;1
170;38;1
170;39;1
170;40;1
170;41;1
170;42;1
170;43;1
170;44;1
170;45;1
170;46;1
170;47;1
170;48;1
170;49;1
170;50;1
170;51;1
170;52;1
170;53;1
170;54;1
170;55;1
170;56;1
170;57;1
170;58;1
170;59;1
170;60;1
170;61;1
170;62;1
170;63;1
170;64;1
170;65;1
170;66;1
170;67;1
170;68;1
170;69;10
170;70;10
170;71;10
170;72;10
170;73;10
170;74;10
170;75;10
170;76;10
170;77;10
170;78;10
170;79;10
170;80;10
170;81;10
170;82;10
170;83;10
170;84;10
170;85;10
170;86;10
170;87;10
170;88;10
170;89;10
170;90;10
170;91;10
170;92;10
170;93;10
170;94;10
170;95;10
170;96;10
170;97;10
170;98;10
170;99;10
170;100;10
171;0;1
171;1;1
171;2;1
171;3;1
171;4;1
171;5;1
171;6;1
171;7;1
171;8;1
171;9;1
171;10;1
171;11;1
171;12;1
171;13;1
171;14;1
171;15;1
171;16;1
171;17;1
171;18;1
171;19;1
171;20;1
171;21;1
171;22;1
171;23;1
171;24;1
171;25;1
171;26;1
171;27;1
171;28;1
171;29;1
171;30;1
171;31;1
171;32;1
171;33;1
171;34;1
171;35;1
171;36;1
171;37;1
171;38;1
171;39;1
171;40;1
171;41;1
171;42;1
171;43;1
171;44;1
171;45;1
171;46;1
171;47;1
171;48;1
171;49;1
171;50;1
171;51;1
171;52;1
171;53;1
171;54;1
171;55;1
171;56;1
171;57;1
171;58;1
171;59;1
171;60;1
171;61;1
171;62;1
171;63;1
171;64;1
171;65;1
171;66;1
171;67;1
171;68;1
171;69;10
171;70;10
171;71;10
171;72;10
171;73;10
171;74;10
171;75;10
171;76;10
171;77;10
171;78;10
171;79;10
171;80;10
171;81;10
171;82;10
171;83;10
171;84;10
171;85;10
171;86;10
171;87;10
171;88;10
171;89;10
171;90;10
171;91;10
171;92;10
171;93;10
171;94;10
171;95;10
171;96;10
171;97;10
171;98;10
171;99;10
171;100;10
172;0;1
172;1;1
172;2;1
172;3;1
172;4;1
172;5;1
172;6;1
172;7;1
172;8;1
172;9;1
172;10;1
172;11;1
172;12;1
172;13;1
172;14;1
172;15;1
172;16;1
172;17;1
172;18;1
172;19;1
172;20;1
172;21;1
172;22;1
172;23;1
172;24;1
172;25;1
172;26;1
172;27;1
172;28;1
172;29;1
172;30;1
172;31;1
172;32;1
172;33;1
172;34;1
172;35;1
172;36;1
172;37;1
172;38;1
172;39;1
172;40;1
172;41;1
172;42;1
172;43;1
172;44;1
172;45;1
172;46;1
172;47;1
172;48;1
172;49;1
172;50;1
172;51;1
172;52;1
172;53;1
172;54;1
172;55;1
172;56;1
172;57;1
172;58;1
172;59;1
172;60;1
172;61;1
172;62;1
172;63;1
172;64;1
172;65;1
172;66;1
172;67;1
172;68;1
172;69;10
172;70;10
172;71;10
172;72;10
172;73;10
172;74;10
172;75;10
172;76;10
172;77;10
172;78;10
172;79;10
172;80;10
172;81;10
172;82;10
172;83;10
172;84;10
172;85;10
172;86;10
172;87;10
172;88;10
172;89;10
172;90;10
172;91;10
172;92;10
172;93;10
172;94;10
172;95;10
172;96;10
172;97;10
172;98;10
172;99;10
172;100;10
173;0;1
173;1;1
173;2;1
173;3;1
173;4;1
173;5;1
173;6;1
173;7;1
173;8;1
173;9;1
173;10;1
173;11;1
173;12;1
173;13;1
173;14;1
173;15;1
173;16;1
173;17;1
173;18;1
173;19;1
173;20;1
173;21;1
173;22;1
173;23;1
173;24;1
173;25;1
173;26;1
173;27;1
173;28;1
173;29;1
173;30;1
173;31;1
173;32;1
173;33;1
173;34;1
173;35;1
173;36;1
173;37;1
173;38;1
173;39;1
173;40;1
173;41;1
173;42;1
173;43;1
173;44;1
173;45;1
173;46;1
173;47;1
173;48;1
173;49;1
173;50;1
173;51;1
173;52;1
173;53;1
173;54;1
173;55;1
173;56;1
173;57;1
173;58;1
173;59;1
173;60;1
173;61;1
173;62;1
173;63;1
173;64;1
173;65;1
173;66;1
173;67;1
173;68;1
173;69;10
173;70;10
173;71;10
173;72;10
173;73;10
173;74;10
173;75;10
173;76;10
173;77;10
173;78;10
173;79;10
173;80;10
173;81;10
173;82;10
173;83;10
173;84;10
173;85;10
173;86;10
173;87;10
173;88;10
173;89;10
173;90;10
173;91;10
173;92;10
173;93;10
173;94;10
173;95;10
173;96;10
173;97;10
173;98;10
173;99;10
173;100;10
174;0;1
174;1;1
174;2;1
174;3;1
174;4;1
174;5;1
174;6;1
174;7;1
174;8;1
174;9;1
174;10;1
174;11;1
174;12;1
174;13;1
174;14;1
174;15;1
174;16;1
174;17;1
174;18;1
174;19;1
174;20;1
174;21;1
174;22;1
174;23;1
174;24;1
174;25;1
174;26;1
174;27;1
174;28;1
174;29;1
174;30;1
174;31;1
174;32;1
174;33;1
174;34;1
174;35;1
174;36;1
174;37;1
174;38;1
174;39;1
174;40;1
174;41;1
174;42;1
174;43;1
174;44;1
174;45;1
174;46;1
174;47;1
174;48;1
174;49;1
174;50;1
174;51;1
174;52;1
174;53;1
174;54;1
174;55;1
174;56;1
174;57;1
174;58;1
174;59;1
174;60;1
174;61;1
174;62;1
174;63;1
174;64;1
174;65;1
174;66;1
174;67;1
174;68;1
174;69;10
174;70;10
174;71;10
174;72;10
174;73;10
174;74;10
174;75;10
174;76;10
174;77;10
174;78;10
174;79;10
174;80;10
174;81;10
174;82;10
174;83;10
174;84;10
174;85;10
174;86;10
174;87;10
174;88;10
174;89;10
174;90;10
174;91;10
174;92;10
174;93;10
174;94;10
174;95;10
174;96;10
174;97;10
174;98;10
174;99;10
174;100;10
175;0;1
175;1;1
175;2;1
175;3;1
175;4;1
175;5;1
175;6;1
175;7;1
175;8;1
175;9;1
175;10;1
175;11;1
175;12;1
175;13;1
175;14;1
175;15;1
175;16;1
175;17;1
175;18;1
175;19;1
175;20;1
175;21;1
175;22;1
175;23;1
175;24;1
175;25;1
175;26;1
175;27;1
175;28;1
175;29;1
175;30;1
175;31;1
175;32;1
175;33;1
175;34;1
175;35;1
175;36;1
175;37;1
175;38;1
175;39;1
175;40;1
175;41;1
175;42;1
175;43;1
175;44;1
175;45;1
175;46;1
175;47;1
175;48;1
175;49;1
175;50;1
175;51;1
175;52;1
175;53;1
175;54;1
175;55;1
175;56;1
175;57;1
175;58;1
175;59;1
175;60;1
175;61;1
175;62;1
175;63;1
175;64;1
175;65;1
175;66;1
175;67;1
175;68;10
175;69;10
175;70;10
175;71;10
175;72;10
175;73;10
175;74;10
175;75;10
175;76;10
175;77;10
175;78;10
175;79;10
175;80;10
175;81;10
175;82;10
175;83;10
175;84;10
175;85;10
175;86;10
175;87;10
175;88;10
175;89;10
175;90;10
175;91;10
175;92;10
175;93;10
175;94;10
175;95;10
175;96;10
175;97;10
175;98;10
175;99;10
175;100;10
176;0;1
176;1;1
176;2;1
176;3;1
176;4;1
176;5;1
176;6;1
176;7;1
176;8;1
176;9;1
176;10;1
176;11;1
176;12;1
176;13;1
176;14;1
176;15;1
176;16;1
176;17;1
176;18;1
176;19;1
176;20;1
176;21;1
176;22;1
176;23;1
176;24;1
176;25;1
176;26;1
176;27;1
176;28;1
176;29;1
176;30;1
176;31;1
176;32;1
176;33;1
176;34;1
176;35;1
176;36;1
176;37;1
176;38;1
176;39;1
176;40;1
176;41;1
176;42;1
176;43;1
176;44;1
176;45;1
176;46;1
176;47;1
176;48;1
176;49;1
176;50;1
176;51;1
176;52;1
176;53;1
176;54;1
176;55;1
176;56;1
176;57;1
176;58;1
176;59;1
176;60;1
176;61;1
176;62;1
176;63;1
176;64;1
176;65;1
176;66;1
176;67;10
176;68;10
176;69;10
176;70;10
176;71;10
176;72;10
176;73;10
176;74;10
176;75;10
176;76;10
176;77;10
176;78;10
176;79;10
176;80;10
176;81;10
176;82;10
176;83;10
176;84;10
176;85;10
176;86;10
176;87;10
176;88;10
176;89;10
176;90;10
176;91;10
176;92;10
176;93;10
176;94;10
176;95;10
176;96;10
176;97;10
176;98;10
176;99;10
176;100;10
177;0;1
177;1;1
177;2;1
177;3;1
177;4;1
177;5;1
177;6;1
177;7;1
177;8;1
177;9;1
177;10;1
177;11;1
177;12;1
177;13;1
177;14;1
177;15;1
177;16;1
177;17;1
177;18;1
177;19;1
177;20;1
177;21;1
177;22;1
177;23;1
177;24;1
177;25;1
177;26;1
177;27;1
177;28;1
177;29;1
177;30;1
177;31;1
177;32;1
177;33;1
177;34;1
177;35;1
177;36;1
177;37;1
177;38;1
177;39;1
177;40;1
177;41;1
177;42;1
177;43;1
177;44;1
177;45;1
177;46;1
177;47;1
177;48;1
177;49;1
177;50;1
177;51;1
177;52;1
177;53;1
177;54;1
177;55;1
177;56;1
177;57;1
177;58;1
177;59;1
177;60;1
177;61;1
177;62;1
177;63;1
177;64;1
177;65;1
177;66;1
177;67;10
177;68;10
177;69;10
177;70;10
177;71;10
177;72;10
177;73;10
177;74;10
177;75;10
177;76;10
177;77;10
177;78;10
177;79;10
177;80;10
177;81;10
177;82;10
177;83;10
177;84;10
177;85;10
177;86;10
177;87;10
177;88;10
177;89;10
177;90;10
177;91;10
177;92;10
177;93;10
177;94;10
177;95;10
177;96;10
177;97;10
177;98;10
177;99;10
177;100;10
178;0;1
178;1;1
178;2;1
178;3;1
178;4;1
178;5;1
178;6;1
178;7;1
178;8;1
178;9;1
178;10;1
178;11;1
178;12;1
178;13;1
178;14;1
178;15;1
178;16;1
178;17;1
178;18;1
178;19;1
178;20;1
178;21;1
178;22;1
178;23;1
178;24;1
178;25;1
178;26;1
178;27;1
178;28;1
178;29;1
178;30;1
178;31;1
178;32;1
178;33;1
178;34;1
178;35;1
178;36;1
178;37;1
178;38;1
178;39;1
178;40;1
178;41;1
178;42;1
178;43;1
178;44;1
178;45;1
178;46;1
178;47;1
178;48;1
178;49;1
178;50;1
178;51;1
178;52;1
178;53;1
178;54;1
178;55;1
178;56;1
178;57;1
178;58;1
178;59;1
178;60;1
178;61;1
178;62;1
178;63;1
178;64;1
178;65;1
178;66;1
178;67;10
178;68;10
178;69;10
178;70;10
178;71;10
178;72;10
178;73;10
178;74;10
178;75;10
178;76;10
178;77;10
178;78;10
178;79;10
178;80;10
178;81;10
178;82;10
178;83;10
178;84;10
178;85;10
178;86;10
178;87;10
178;88;10
178;89;10
178;90;10
178;91;10
178;92;10
178;93;10
178;94;10
178;95;10
178;96;10
178;97;10
178;98;10
178;99;10
178;100;10
179;0;1
179;1;1
179;2;1
179;3;1
179;4;1
179;5;1
179;6;1
179;7;1
179;8;1
179;9;1
179;10;1
179;11;1
179;12;1
179;13;1
179;14;1
179;15;1
179;16;1
179;17;1
179;18;1
179;19;1
179;20;1
179;21;1
179;22;1
179;23;1
179;24;1
179;25;1
179;26;1
179;27;1
179;28;1
179;29;1
179;30;1
179;31;1
179;32;1
179;33;1
179;34;1
179;35;1
179;36;1
179;37;1
179;38;1
179;39;1
179;40;1
179;41;1
179;42;1
179;43;1
179;44;1
179;45;1
179;46;1
179;47;1
179;48;1
179;49;1
179;50;1
179;51;1
179;52;1
179;53;1
179;54;1
179;55;1
179;56;1
179;57;1
179;58;1
179;59;1
179;60;1
179;61;1
179;62;1
179;63;1
179;64;1
179;65;1
179;66;1
179;67;10
179;68;10
179;69;10
179;70;10
179;71;10
179;72;10
179;73;10
179;74;10
179;75;10
179;76;10
179;77;10
179;78;10
179;79;10
179;80;10
179;81;10
179;82;10
179;83;10
179;84;10
179;85;10
179;86;10
179;87;10
179;88;10
179;89;10
179;90;10
179;91;10
179;92;10
179;93;10
179;94;10
179;95;10
179;96;10
179;97;10
179;98;10
179;99;10
179;100;10
180;0;1
180;1;1
180;2;1
180;3;1
180;4;1
180;5;1
180;6;1
180;7;1
180;8;1
180;9;1
180;10;1
180;11;1
180;12;1
180;13;1
180;14;1
180;15;1
180;16;1
180;17;1
180;18;1
180;19;1
180;20;1
180;21;1
180;22;1
180;23;1
180;24;1
180;25;1
180;26;1
180;27;1
180;28;1
180;29;1
180;30;1
180;31;1
180;32;1
180;33;1
180;34;1
180;35;1
180;36;1
180;37;1
180;38;1
180;39;1
180;40;1
180;41;1
180;42;1
180;43;1
180;44;1
180;45;1
180;46;1
180;47;1
180;48;1
180;49;1
180;50;1
180;51;1
180;52;1
180;53;1
180;54;1
180;55;1
180;56;1
180;57;1
180;58;1
180;59;1
180;60;1
180;61;1
180;62;1
180;63;1
180;64;1
180;65;1
180;66;1
180;67;10
180;68;10
180;69;10
180;70;10
180;71;10
180;72;10
180;73;10
180;74;10
180;75;10
180;76;10
180;77;10
180;78;10
180;79;10
180;80;10
180;81;10
180;82;10
180;83;10
180;84;10
180;85;10
180;86;10
180;87;10
180;88;10
180;89;10
180;90;10
180;91;10
180;92;10
180;93;10
180;94;10
180;95;10
180;96;10
180;97;10
180;98;10
180;99;10
180;100;10
181;0;1
181;1;1
181;2;1
181;3;1
181;4;1
181;5;1
181;6;1
181;7;1
181;8;1
181;9;1
181;10;1
181;11;1
181;12;1
181;13;1
181;14;1
181;15;1
181;16;1
181;17;1
181;18;1
181;19;1
181;20;1
181;21;1
181;22;1
181;23;1
181;24;1
181;25;1
181;26;1
181;27;1
181;28;1
181;29;1
181;30;1
181;31;1
181;32;1
181;33;1
181;34;1
181;35;1
181;36;1
181;37;1
181;38;1
181;39;1
181;40;1
181;41;1
181;42;1
181;43;1
181;44;1
181;45;1
181;46;1
181;47;1
181;48;1
181;49;1
181;50;1
181;51;1
181;52;1
181;53;1
181;54;1
181;55;1
181;56;1
181;57;1
181;58;1
181;59;1
181;60;1
181;61;1
181;62;1
181;63;1
181;64;1
181;65;1
181;66;1
181;67;10
181;68;10
181;69;10
181;70;10
181;71;10
181;72;10
181;73;10
181;74;10
181;75;10
181;76;10
181;77;10
181;78;10
181;79;10
181;80;10
181;81;10
181;82;10
181;83;10
181;84;10
181;85;10
181;86;10
181;87;10
181;88;10
181;89;10
181;90;10
181;91;10
181;92;10
181;93;10
181;94;10
181;95;10
181;96;10
181;97;10
181;98;10
181;99;10
181;100;10
182;0;1
182;1;1
182;2;1
182;3;1
182;4;1
182;5;1
182;6;1
182;7;1
182;8;1
182;9;1
182;10;1
182;11;1
182;12;1
182;13;1
182;14;1
182;15;1
182;16;1
182;17;1
182;18;1
182;19;1
182;20;1
182;21;1
182;22;1
182;23;1
182;24;1
182;25;1
182;26;1
182;27;1
182;28;1
182;29;1
182;30;1
182;31;1
182;32;1
182;33;1
182;34;1
182;35;1
182;36;1
182;37;1
182;38;1
182;39;1
182;40;1
182;41;1
182;42;1
182;43;1
182;44;1
182;45;1
182;46;1
182;47;1
182;48;1
182;49;1
182;50;1
182;51;1
182;52;1
182;53;1
182;54;1
182;55;1
182;56;1
182;57;1
182;58;1
182;59;1
182;60;1
182;61;1
182;62;1
182;63;1
182;64;1
182;65;1
182;66;1
182;67;10
182;68;10
182;69;10
182;70;10
182;71;10
182;72;10
182;73;10
182;74;10
182;75;10
182;76;10
182;77;10
182;78;10
182;79;10
182;80;10
182;81;10
182;82;10
182;83;10
182;84;10
182;85;10
182;86;10
182;87;10
182;88;10
182;89;10
182;90;10
182;91;10
182;92;10
182;93;10
182;94;10
182;95;10
182;96;10
182;97;10
182;98;10
182;99;10
182;100;10
183;0;1
183;1;1
183;2;1
183;3;1
183;4;1
183;5;1
183;6;1
183;7;1
183;8;1
183;9;1
183;10;1
183;11;1
183;12;1
183;13;1
183;14;1
183;15;1
183;16;1
183;17;1
183;18;1
183;19;1
183;20;1
183;21;1
183;22;1
183;23;1
183;24;1
183;25;1
183;26;1
183;27;1
183;28;1
183;29;1
183;30;1
183;31;1
183;32;1
183;33;1
183;34;1
183;35;1
183;36;1
183;37;1
183;38;1
183;39;1
183;40;1
183;41;1
183;42;1
183;43;1
183;44;1
183;45;1
183;46;1
183;47;1
183;48;1
183;49;1
183;50;1
183;51;1
183;52;1
183;53;1
183;54;1
183;55;1
183;56;1
183;57;1
183;58;1
183;59;1
183;60;1
183;61;1
183;62;1
183;63;1
183;64;1
183;65;1
183;66;1
183;67;10
183;68;10
183;69;10
183;70;10
183;71;10
183;72;10
183;73;10
183;74;10
183;75;10
183;76;10
183;77;10
183;78;10
183;79;10
183;80;10
183;81;10
183;82;10
183;83;10
183;84;10
183;85;10
183;86;10
183;87;10
183;88;10
183;89;10
183;90;10
183;91;10
183;92;10
183;93;10
183;94;10
183;95;10
183;96;10
183;97;10
183;98;10
183;99;10
183;100;10
184;0;1
184;1;1
184;2;1
184;3;1
184;4;1
184;5;1
184;6;1
184;7;1
184;8;1
184;9;1
184;10;1
184;11;1
184;12;1
184;13;1
184;14;1
184;15;1
184;16;1
184;17;1
184;18;1
184;19;1
184;20;1
184;21;1
184;22;1
184;23;1
184;24;1
184;25;1
184;26;1
184;27;1
184;28;1
184;29;1
184;30;1
184;31;1
184;32;1
184;33;1
184;34;1
184;35;1
184;36;1
184;37;1
184;38;1
184;39;1
184;40;1
184;41;1
184;42;1
184;43;1
184;44;1
184;45;1
184;46;1
184;47;1
184;48;1
184;49;1
184;50;1
184;51;1
184;52;1
184;53;1
184;54;1
184;55;1
184;56;1
184;57;1
184;58;1
184;59;1
184;60;1
184;61;1
184;62;1
184;63;1
184;64;1
184;65;1
184;66;1
184;67;10
184;68;10
184;69;10
184;70;10
184;71;10
184;72;10
184;73;10
184;74;10
184;75;10
184;76;10
184;77;10
184;78;10
184;79;10
184;80;10
184;81;10
184;82;10
184;83;10
184;84;10
184;85;10
184;86;10
184;87;10
184;88;10
184;89;10
184;90;10
184;91;10
184;92;10
184;93;10
184;94;10
184;95;10
184;96;10
184;97;10
184;98;10
184;99;10
184;100;10
185;0;1
185;1;1
185;2;1
185;3;1
185;4;1
185;5;1
185;6;1
185;7;1
185;8;1
185;9;1
185;10;1
185;11;1
185;12;1
185;13;1
185;14;1
185;15;1
185;16;1
185;17;1
185;18;1
185;19;1
185;20;1
185;21;1
185;22;1
185;23;1
185;24;1
185;25;1
185;26;1
185;27;1
185;28;1
185;29;1
185;30;1
185;31;1
185;32;1
185;33;1
185;34;1
185;35;1
185;36;1
185;37;1
185;38;1
185;39;1
185;40;1
185;41;1
185;42;1
185;43;1
185;44;1
185;45;1
185;46;1
185;47;1
185;48;1
185;49;1
185;50;1
185;51;1
185;52;1
185;53;1
185;54;1
185;55;1
185;56;1
185;57;1
185;58;1
185;59;1
185;60;1
185;61;1
185;62;1
185;63;1
185;64;1
185;65;1
185;66;10
185;67;10
185;68;10
185;69;10
185;70;10
185;71;10
185;72;10
185;73;10
185;74;10
185;75;10
185;76;10
185;77;10
185;78;10
185;79;10
185;80;10
185;81;10
185;82;10
185;83;10
185;84;10
185;85;10
185;86;10
185;87;10
185;88;10
185;89;10
185;90;10
185;91;10
185;92;10
185;93;10
185;94;10
185;95;10
185;96;10
185;97;10
185;98;10
185;99;10
185;100;10
186;0;1
186;1;1
186;2;1
186;3;1
186;4;1
186;5;1
186;6;1
186;7;1
186;8;1
186;9;1
186;10;1
186;11;1
186;12;1
186;13;1
186;14;1
186;15;1
186;16;1
186;17;1
186;18;1
186;19;1
186;20;1
186;21;1
186;22;1
186;23;1
186;24;1
186;25;1
186;26;1
186;27;1
186;28;1
186;29;1
186;30;1
186;31;1
186;32;1
186;33;1
186;34;1
186;35;1
186;36;1
186;37;1
186;38;1
186;39;1
186;40;1
186;41;1
186;42;1
186;43;1
186;44;1
186;45;1
186;46;1
186;47;1
186;48;1
186;49;1
186;50;1
186;51;1
186;52;1
186;53;1
186;54;1
186;55;1
186;56;1
186;57;1
186;58;1
186;59;1
186;60;1
186;61;1
186;62;1
186;63;1
186;64;1
186;65;1
186;66;10
186;67;10
186;68;10
186;69;10
186;70;10
186;71;10
186;72;10
186;73;10
186;74;10
186;75;10
186;76;10
186;77;10
186;78;10
186;79;10
186;80;10
186;81;10
186;82;10
186;83;10
186;84;10
186;85;10
186;86;10
186;87;10
186;88;10
186;89;10
186;90;10
186;91;10
186;92;10
186;93;10
186;94;10
186;95;10
186;96;10
186;97;10
186;98;10
186;99;10
186;100;10
187;0;1
187;1;1
187;2;1
187;3;1
187;4;1
187;5;1
187;6;1
187;7;1
187;8;1
187;9;1
187;10;1
187;11;1
187;12;1
187;13;1
187;14;1
187;15;1
187;16;1
187;17;1
187;18;1
187;19;1
187;20;1
187;21;1
187;22;1
187;23;1
187;24;1
187;25;1
187;26;1
187;27;1
187;28;1
187;29;1
187;30;1
187;31;1
187;32;1
187;33;1
187;34;1
187;35;1
187;36;1
187;37;1
187;38;1
187;39;1
187;40;1
187;41;1
187;42;1
187;43;1
187;44;1
187;45;1
187;46;1
187;47;1
187;48;1
187;49;1
187;50;1
187;51;1
187;52;1
187;53;1
187;54;1
187;55;1
187;56;1
187;57;1
187;58;1
187;59;1
187;60;1
187;61;1
187;62;1
187;63;1
187;64;10
187;65;10
187;66;10
187;67;10
187;68;10
187;69;10
187;70;10
187;71;10
187;72;10
187;73;10
187;74;10
187;75;10
187;76;10
187;77;10
187;78;10
187;79;10
187;80;10
187;81;10
187;82;10
187;83;10
187;84;10
187;85;10
187;86;10
187;87;10
187;88;10
187;89;10
187;90;10
187;91;10
187;92;10
187;93;10
187;94;10
187;95;10
187;96;10
187;97;10
187;98;10
187;99;10
187;100;10
188;0;1
188;1;1
188;2;1
188;3;1
188;4;1
188;5;1
188;6;1
188;7;1
188;8;1
188;9;1
188;10;1
188;11;1
188;12;1
188;13;1
188;14;1
188;15;1
188;16;1
188;17;1
188;18;1
188;19;1
188;20;1
188;21;1
188;22;1
188;23;1
188;24;1
188;25;1
188;26;1
188;27;1
188;28;1
188;29;1
188;30;1
188;31;1
188;32;1
188;33;1
188;34;1
188;35;1
188;36;1
188;37;1
188;38;1
188;39;1
188;40;1
188;41;1
188;42;1
188;43;1
188;44;1
188;45;1
188;46;1
188;47;1
188;48;1
188;49;1
188;50;1
188;51;1
188;52;1
188;53;1
188;54;1
188;55;1
188;56;1
188;57;1
188;58;1
188;59;1
188;60;1
188;61;1
188;62;1
188;63;1
188;64;10
188;65;10
188;66;10
188;67;10
188;68;10
188;69;10
188;70;10
188;71;10
188;72;10
188;73;10
188;74;10
188;75;10
188;76;10
188;77;10
188;78;10
188;79;10
188;80;10
188;81;10
188;82;10
188;83;10
188;84;10
188;85;10
188;86;10
188;87;10
188;88;10
188;89;10
188;90;10
188;91;10
188;92;10
188;93;10
188;94;10
188;95;10
188;96;10
188;97;10
188;98;10
188;99;10
188;100;10
189;0;1
189;1;1
189;2;1
189;3;1
189;4;1
189;5;1
189;6;1
189;7;1
189;8;1
189;9;1
189;10;1
189;11;1
189;12;1
189;13;1
189;14;1
189;15;1
189;16;1
189;17;1
189;18;1
189;19;1
189;20;1
189;21;1
189;22;1
189;23;1
189;24;1
189;25;1
189;26;1
189;27;1
189;28;1
189;29;1
189;30;1
189;31;1
189;32;1
189;33;1
189;34;1
189;35;1
189;36;1
189;37;1
189;38;1
189;39;1
189;40;1
189;41;1
189;42;1
189;43;1
189;44;1
189;45;1
189;46;1
189;47;1
189;48;1
189;49;1
189;50;1
189;51;1
189;52;1
189;53;1
189;54;1
189;55;1
189;56;1
189;57;1
189;58;1
189;59;1
189;60;1
189;61;1
189;62;1
189;63;1
189;64;10
189;65;10
189;66;10
189;67;10
189;68;10
189;69;10
189;70;10
189;71;10
189;72;10
189;73;10
189;74;10
189;75;10
189;76;10
189;77;10
189;78;10
189;79;10
189;80;10
189;81;10
189;82;10
189;83;10
189;84;10
189;85;10
189;86;10
189;87;10
189;88;10
189;89;10
189;90;10
189;91;10
189;92;10
189;93;10
189;94;10
189;95;10
189;96;10
189;97;10
189;98;10
189;99;10
189;100;10
190;0;1
190;1;1
190;2;1
190;3;1
190;4;1
190;5;1
190;6;1
190;7;1
190;8;1
190;9;1
190;10;1
190;11;1
190;12;1
190;13;1
190;14;1
190;15;1
190;16;1
190;17;1
190;18;1
190;19;1
190;20;1
190;21;1
190;22;1
190;23;1
190;24;1
190;25;1
190;26;1
190;27;1
190;28;1
190;29;1
190;30;1
190;31;1
190;32;1
190;33;1
190;34;1
190;35;1
190;36;1
190;37;1
190;38;1
190;39;1
190;40;1
190;41;1
190;42;1
190;43;1
190;44;1
190;45;1
190;46;1
190;47;1
190;48;1
190;49;1
190;50;1
190;51;1
190;52;1
190;53;1
190;54;1
190;55;1
190;56;1
190;57;1
190;58;1
190;59;1
190;60;1
190;61;1
190;62;1
190;63;1
190;64;10
190;65;10
190;66;10
190;67;10
190;68;10
190;69;10
190;70;10
190;71;10
190;72;10
190;73;10
190;74;10
190;75;10
190;76;10
190;77;10
190;78;10
190;79;10
190;80;10
190;81;10
190;82;10
190;83;10
190;84;10
190;85;10
190;86;10
190;87;10
190;88;10
190;89;10
190;90;10
190;91;10
190;92;10
190;93;10
190;94;10
190;95;10
190;96;10
190;97;10
190;98;10
190;99;10
190;100;10
191;0;1
191;1;1
191;2;1
191;3;1
191;4;1
191;5;1
191;6;1
191;7;1
191;8;1
191;9;1
191;10;1
191;11;1
191;12;1
191;13;1
191;14;1
191;15;1
191;16;1
191;17;1
191;18;1
191;19;1
191;20;1
191;21;1
191;22;1
191;23;1
191;24;1
191;25;1
191;26;1
191;27;1
191;28;1
191;29;1
191;30;1
191;31;1
191;32;1
191;33;1
191;34;1
191;35;1
191;36;1
191;37;1
191;38;1
191;39;1
191;40;1
191;41;1
191;42;1
191;43;1
191;44;1
191;45;1
191;46;1
191;47;1
191;48;1
191;49;1
191;50;1
191;51;1
191;52;1
191;53;1
191;54;1
191;55;1
191;56;1
191;57;1
191;58;1
191;59;1
191;60;1
191;61;1
191;62;1
191;63;1
191;64;10
191;65;10
191;66;10
191;67;10
191;68;10
191;69;10
191;70;10
191;71;10
191;72;10
191;73;10
191;74;10
191;75;10
191;76;10
191;77;10
191;78;10
191;79;10
191;80;10
191;81;10
191;82;10
191;83;10
191;84;10
191;85;10
191;86;10
191;87;10
191;88;10
191;89;10
191;90;10
191;91;10
191;92;10
191;93;10
191;94;10
191;95;10
191;96;10
191;97;10
191;98;10
191;99;10
191;100;10
192;0;1
192;1;1
192;2;1
192;3;1
192;4;1
192;5;1
192;6;1
192;7;1
192;8;1
192;9;1
192;10;1
192;11;1
192;12;1
192;13;1
192;14;1
192;15;1
192;16;1
192;17;1
192;18;1
192;19;1
192;20;1
192;21;1
192;22;1
192;23;1
192;24;1
192;25;1
192;26;1
192;27;1
192;28;1
192;29;1
192;30;1
192;31;1
192;32;1
192;33;1
192;34;1
192;35;1
192;36;1
192;37;1
192;38;1
192;39;1
192;40;1
192;41;1
192;42;1
192;43;1
192;44;1
192;45;1
192;46;1
192;47;1
192;48;1
192;49;1
192;50;1
192;51;1
192;52;1
192;53;1
192;54;1
192;55;1
192;56;1
192;57;1
192;58;1
192;59;1
192;60;1
192;61;1
192;62;1
192;63;1
192;64;10
192;65;10
192;66;10
192;67;10
192;68;10
192;69;10
192;70;10
192;71;10
192;72;10
192;73;10
192;74;10
192;75;10
192;76;10
192;77;10
192;78;10
192;79;10
192;80;10
192;81;10
192;82;10
192;83;10
192;84;10
192;85;10
192;86;10
192;87;10
192;88;10
192;89;10
192;90;10
192;91;10
192;92;10
192;93;10
192;94;10
192;95;10
192;96;10
192;97;10
192;98;10
192;99;10
192;100;10
193;0;1
193;1;1
193;2;1
193;3;1
193;4;1
193;5;1
193;6;1
193;7;1
193;8;1
193;9;1
193;10;1
193;11;1
193;12;1
193;13;1
193;14;1
193;15;1
193;16;1
193;17;1
193;18;1
193;19;1
193;20;1
193;21;1
193;22;1
193;23;1
193;24;1
193;25;1
193;26;1
193;27;1
193;28;1
193;29;1
193;30;1
193;31;1
193;32;1
193;33;1
193;34;1
193;35;1
193;36;1
193;37;1
193;38;1
193;39;1
193;40;1
193;41;1
193;42;1
193;43;1
193;44;1
193;45;1
193;46;1
193;47;1
193;48;1
193;49;1
193;50;1
193;51;1
193;52;1
193;53;1
193;54;1
193;55;1
193;56;1
193;57;1
193;58;1
193;59;1
193;60;1
193;61;1
193;62;1
193;63;1
193;64;10
193;65;10
193;66;10
193;67;10
193;68;10
193;69;10
193;70;10
193;71;10
193;72;10
193;73;10
193;74;10
193;75;10
193;76;10
193;77;10
193;78;10
193;79;10
193;80;10
193;81;10
193;82;10
193;83;10
193;84;10
193;85;10
193;86;10
193;87;10
193;88;10
193;89;10
193;90;10
193;91;10
193;92;10
193;93;10
193;94;10
193;95;10
193;96;10
193;97;10
193;98;10
193;99;10
193;100;10
194;0;1
194;1;1
194;2;1
194;3;1
194;4;1
194;5;1
194;6;1
194;7;1
194;8;1
194;9;1
194;10;1
194;11;1
194;12;1
194;13;1
194;14;1
194;15;1
194;16;1
194;17;1
194;18;1
194;19;1
194;20;1
194;21;1
194;22;1
194;23;1
194;24;1
194;25;1
194;26;1
194;27;1
194;28;1
194;29;1
194;30;1
194;31;1
194;32;1
194;33;1
194;34;1
194;35;1
194;36;1
194;37;1
194;38;1
194;39;1
194;40;1
194;41;1
194;42;1
194;43;1
194;44;1
194;45;1
194;46;1
194;47;1
194;48;1
194;49;1
194;50;1
194;51;1
194;52;1
194;53;1
194;54;1
194;55;1
194;56;1
194;57;1
194;58;1
194;59;1
194;60;1
194;61;1
194;62;1
194;63;1
194;64;10
194;65;10
194;66;10
194;67;10
194;68;10
194;69;10
194;70;10
194;71;10
194;72;10
194;73;10
194;74;10
194;75;10
194;76;10
194;77;10
194;78;10
194;79;10
194;80;10
194;81;10
194;82;10
194;83;10
194;84;10
194;85;10
194;86;10
194;87;10
194;88;10
194;89;10
194;90;10
194;91;10
194;92;10
194;93;10
194;94;10
194;95;10
194;96;10
194;97;10
194;98;10
194;99;10
194;100;10
195;0;1
195;1;1
195;2;1
195;3;1
195;4;1
195;5;1
195;6;1
195;7;1
195;8;1
195;9;1
195;10;1
195;11;1
195;12;1
195;13;1
195;14;1
195;15;1
195;16;1
195;17;1
195;18;1
195;19;1
195;20;1
195;21;1
195;22;1
195;23;1
195;24;1
195;25;1
195;26;1
195;27;1
195;28;1
195;29;1
195;30;1
195;31;1
195;32;1
195;33;1
195;34;1
195;35;1
195;36;1
195;37;1
195;38;1
195;39;1
195;40;1
195;41;1
195;42;1
195;43;1
195;44;1
195;45;1
195;46;1
195;47;1
195;48;1
195;49;1
195;50;1
195;51;1
195;52;1
195;53;1
195;54;1
195;55;1
195;56;1
195;57;1
195;58;1
195;59;1
195;60;1
195;61;1
195;62;1
195;63;10
195;64;10
195;65;10
195;66;10
195;67;10
195;68;10
195;69;10
195;70;10
195;71;10
195;72;10
195;73;10
195;74;10
195;75;10
195;76;10
195;77;10
195;78;10
195;79;10
195;80;10
195;81;10
195;82;10
195;83;10
195;84;10
195;85;10
195;86;10
195;87;10
195;88;10
195;89;10
195;90;10
195;91;10
195;92;10
195;93;10
195;94;10
195;95;10
195;96;10
195;97;10
195;98;10
195;99;10
195;100;10
196;0;1
196;1;1
196;2;1
196;3;1
196;4;1
196;5;1
196;6;1
196;7;1
196;8;1
196;9;1
196;10;1
196;11;1
196;12;1
196;13;1
196;14;1
196;15;1
196;16;1
196;17;1
196;18;1
196;19;1
196;20;1
196;21;1
196;22;1
196;23;1
196;24;1
196;25;1
196;26;1
196;27;1
196;28;1
196;29;1
196;30;1
196;31;1
196;32;1
196;33;1
196;34;1
196;35;1
196;36;1
196;37;1
196;38;1
196;39;1
196;40;1
196;41;1
196;42;1
196;43;1
196;44;1
196;45;1
196;46;1
196;47;1
196;48;1
196;49;1
196;50;1
196;51;1
196;52;1
196;53;1
196;54;1
196;55;1
196;56;1
196;57;1
196;58;1
196;59;1
196;60;1
196;61;1
196;62;10
196;63;10
196;64;10
196;65;10
196;66;10
196;67;10
196;68;10
196;69;10
196;70;10
196;71;10
196;72;10
196;73;10
196;74;10
196;75;10
196;76;10
196;77;10
196;78;10
196;79;10
196;80;10
196;81;10
196;82;10
196;83;10
196;84;10
196;85;10
196;86;10
196;87;10
196;88;10
196;89;10
196;90;10
196;91;10
196;92;10
196;93;10
196;94;10
196;95;10
196;96;10
196;97;10
196;98;10
196;99;10
196;100;10
197;0;1
197;1;1
197;2;1
197;3;1
197;4;1
197;5;1
197;6;1
197;7;1
197;8;1
197;9;1
197;10;1
197;11;1
197;12;1
197;13;1
197;14;1
197;15;1
197;16;1
197;17;1
197;18;1
197;19;1
197;20;1
197;21;1
197;22;1
197;23;1
197;24;1
197;25;1
197;26;1
197;27;1
197;28;1
197;29;1
197;30;1
197;31;1
197;32;1
197;33;1
197;34;1
197;35;1
197;36;1
197;37;1
197;38;1
197;39;1
197;40;1
197;41;1
197;42;1
197;43;1
197;44;1
197;45;1
197;46;1
197;47;1
197;48;1
197;49;1
197;50;1
197;51;1
197;52;1
197;53;1
197;54;1
197;55;1
197;56;1
197;57;1
197;58;1
197;59;1
197;60;1
197;61;1
197;62;10
197;63;10
197;64;10
197;65;10
197;66;10
197;67;10
197;68;10
197;69;10
197;70;10
197;71;10
197;72;10
197;73;10
197;74;10
197;75;10
197;76;10
197;77;10
197;78;10
197;79;10
197;80;10
197;81;10
197;82;10
197;83;10
197;84;10
197;85;10
197;86;10
197;87;10
197;88;10
197;89;10
197;90;10
197;91;10
197;92;10
197;93;10
197;94;10
197;95;10
197;96;10
197;97;10
197;98;10
197;99;10
197;100;10
198;0;1
198;1;1
198;2;1
198;3;1
198;4;1
198;5;1
198;6;1
198;7;1
198;8;1
198;9;1
198;10;1
198;11;1
198;12;1
198;13;1
198;14;1
198;15;1
198;16;1
198;17;1
198;18;1
198;19;1
198;20;1
198;21;1
198;22;1
198;23;1
198;24;1
198;25;1
198;26;1
198;27;1
198;28;1
198;29;1
198;30;1
198;31;1
198;32;1
198;33;1
198;34;1
198;35;1
198;36;1
198;37;1
198;38;1
198;39;1
198;40;1
198;41;1
198;42;1
198;43;1
198;44;1
198;45;1
198;46;1
198;47;1
198;48;1
198;49;1
198;50;1
198;51;1
198;52;1
198;53;1
198;54;1
198;55;1
198;56;1
198;57;1
198;58;1
198;59;1
198;60;1
198;61;1
198;62;10
198;63;10
198;64;10
198;65;10
198;66;10
198;67;10
198;68;10
198;69;10
198;70;10
198;71;10
198;72;10
198;73;10
198;74;10
198;75;10
198;76;10
198;77;10
198;78;10
198;79;10
198;80;10
198;81;10
198;82;10
198;83;10
198;84;10
198;85;10
198;86;10
198;87;10
198;88;10
198;89;10
198;90;10
198;91;10
198;92;10
198;93;10
198;94;10
198;95;10
198;96;10
198;97;10
198;98;10
198;99;10
198;100;10
199;0;1
199;1;1
199;2;1
199;3;1
199;4;1
199;5;1
199;6;1
199;7;1
199;8;1
199;9;1
199;10;1
199;11;1
199;12;1
199;13;1
199;14;1
199;15;1
199;16;1
199;17;1
199;18;1
199;19;1
199;20;1
199;21;1
199;22;1
199;23;1
199;24;1
199;25;1
199;26;1
199;27;1
199;28;1
199;29;1
199;30;1
199;31;1
199;32;1
199;33;1
199;34;1
199;35;1
199;36;1
199;37;1
199;38;1
199;39;1
199;40;1
199;41;1
199;42;1
199;43;1
199;44;1
199;45;1
199;46;1
199;47;1
199;48;1
199;49;1
199;50;1
199;51;1
199;52;1
199;53;1
199;54;1
199;55;1
199;56;1
199;57;1
199;58;1
199;59;1
199;60;1
199;61;1
199;62;10
199;63;10
199;64;10
199;65;10
199;66;10
199;67;10
199;68;10
199;69;10
199;70;10
199;71;10
199;72;10
199;73;10
199;74;10
199;75;10
199;76;10
199;77;10
199;78;10
199;79;10
199;80;10
199;81;10
199;82;10
199;83;10
199;84;10
199;85;10
199;86;10
199;87;10
199;88;10
199;89;10
199;90;10
199;91;10
199;92;10
199;93;10
199;94;10
199;95;10
199;96;10
199;97;10
199;98;10
199;99;10
199;100;10
200;0;1
200;1;1
200;2;1
200;3;1
200;4;1
200;5;1
200;6;1
200;7;1
200;8;1
200;9;1
200;10;1
200;11;1
200;12;1
200;13;1
200;14;1
200;15;1
200;16;1
200;17;1
200;18;1
200;19;1
200;20;1
200;21;1
200;22;1
200;23;1
200;24;1
200;25;1
200;26;1
200;27;1
200;28;1
200;29;1
200;30;1
200;31;1
200;32;1
200;33;1
200;34;1
200;35;1
200;36;1
200;37;1
200;38;1
200;39;1
200;40;1
200;41;1
200;42;1
200;43;1
200;44;1
200;45;1
200;46;1
200;47;1
200;48;1
200;49;1
200;50;1
200;51;1
200;52;1
200;53;1
200;54;1
200;55;1
200;56;1
200;57;1
200;58;1
200;59;1
200;60;1
200;61;1
200;62;10
200;63;10
200;64;10
200;65;10
200;66;10
200;67;10
200;68;10
200;69;10
200;70;10
200;71;10
200;72;10
200;73;10
200;74;10
200;75;10
200;76;10
200;77;10
200;78;10
200;79;10
200;80;10
200;81;10
200;82;10
200;83;10
200;84;10
200;85;10
200;86;10
200;87;10
200;88;10
200;89;10
200;90;10
200;91;10
200;92;10
200;93;10
200;94;10
200;95;10
200;96;10
200;97;10
200;98;10
200;99;10
200;100;10